Region,Country,Crop,Latitude,Longitude,Year,T2M,T2M_MAX,T2M_MIN,RH2M,PRECTOTCORR,WS2M,ALLSKY_SFC_SW_DWN,soil_temperature_0_to_7cm,soil_temperature_7_to_28cm,soil_moisture_0_to_7cm,soil_moisture_7_to_28cm
İstanbul,Türkiye,Wheat,41.2506,29.5094,2023,16.1826301369863,17.175780821917808,15.232109589041096,80.47501369863014,2.0493698630136987,4.77013698630137,14.233616438356163,16.69222602739726,16.69216894977169,0.2880074908675797,0.2862997442922371
İstanbul,Türkiye,Barley,41.38,29.1721,2023,16.1826301369863,17.175780821917808,15.232109589041096,80.47501369863014,2.0493698630136987,4.77013698630137,14.233616438356163,16.695958904109588,16.69623287671233,0.2859113162100453,0.2851649440639269
İstanbul,Türkiye,Maize (corn),40.8898,29.967,2023,14.77317808219178,19.95895890410959,10.612383561643837,78.87109589041096,2.71572602739726,2.27627397260274,14.410082191780822,15.832728310502285,15.811746575342466,0.2840115296803653,0.2722778538812785
İstanbul,Türkiye,Apples,40.3204,29.8792,2023,13.45227397260274,19.63438356164384,8.57435616438356,75.70528767123288,2.2443835616438355,1.4284931506849314,14.410082191780822,14.027728310502283,13.990776255707765,0.268820205479452,0.2540414383561644
İstanbul,Türkiye,Olives,40.7145,29.8818,2023,13.45227397260274,19.63438356164384,8.57435616438356,75.70528767123288,2.2443835616438355,1.4284931506849314,14.410082191780822,16.735787671232877,16.711438356164383,0.3157657534246575,0.3121865296803653
İstanbul,Türkiye,Hazelnuts,41.4024,29.8836,2023,16.270794520547945,17.118164383561645,15.485643835616438,80.94446575342465,2.1526575342465755,4.818849315068493,14.233616438356163,16.74675799086758,16.746723744292236,0.2983388789954334,0.2946727271689495
İstanbul,Türkiye,Watermelons,40.4685,29.5397,2023,15.14345205479452,20.419835616438355,10.864657534246575,74.11128767123287,2.0805753424657536,1.564904109589041,14.410082191780822,15.933344748858447,15.89373287671233,0.2621085616438356,0.2468813926940639
İstanbul,Türkiye,Walnuts,41.2318,30.1976,2023,14.77317808219178,19.95895890410959,10.612383561643837,78.87109589041096,2.71572602739726,2.27627397260274,14.086849315068491,16.599543378995435,16.599577625570777,0.3073514257990871,0.3049427191780823
İstanbul,Türkiye,Chick peas,40.9581,29.3888,2023,15.991561643835617,19.4653698630137,13.152876712328768,76.96504109589041,2.1113424657534248,2.973945205479452,14.410082191780822,16.458915525114154,16.43642694063927,0.2954030821917808,0.2932139269406392
İstanbul,Türkiye,Lentils,40.8579,30.1743,2023,14.77317808219178,19.95895890410959,10.612383561643837,78.87109589041096,2.71572602739726,2.27627397260274,14.139808219178082,15.861095890410958,15.832488584474886,0.2954715753424657,0.291362100456621
Edirne,Türkiye,Wheat,40.2209,29.3536,2023,11.964520547945206,18.124438356164383,6.9670136986301365,73.97230136986302,1.91786301369863,2.01986301369863,14.410082191780822,15.174189497716895,15.106883561643835,0.3114497716894977,0.3116179223744292
Edirne,Türkiye,Barley,41.4179,29.3144,2023,16.1826301369863,17.175780821917808,15.232109589041096,80.47501369863014,2.0493698630136987,4.77013698630137,14.233616438356163,16.73332191780822,16.733333333333334,0.2882121563926937,0.2846830216894975
Edirne,Türkiye,Maize (corn),40.8388,29.4491,2023,15.991561643835617,19.4653698630137,13.152876712328768,76.96504109589041,2.1113424657534248,2.973945205479452,14.410082191780822,16.546278538812786,16.563550228310504,0.3058131278538812,0.3116171232876712
Edirne,Türkiye,Apples,41.0985,30.1436,2023,14.77317808219178,19.95895890410959,10.612383561643837,78.87109589041096,2.71572602739726,2.27627397260274,14.086849315068491,16.46533105022831,16.434737442922373,0.3087926940639269,0.3101936073059361
Edirne,Türkiye,Olives,40.8081,29.0755,2023,15.991561643835617,19.4653698630137,13.152876712328768,76.96504109589041,2.1113424657534248,2.973945205479452,14.410082191780822,17.017180365296802,17.017214611872145,0.286586085616438,0.2862141381278538
Edirne,Türkiye,Hazelnuts,41.3377,29.0145,2023,16.171232876712327,17.45468493150685,15.004657534246576,79.81789041095891,1.989945205479452,4.813671232876712,14.233616438356163,16.45374429223744,16.4537899543379,0.2853998447488581,0.2840120582191781
Edirne,Türkiye,Watermelons,41.0514,29.6669,2023,15.991561643835617,19.4653698630137,13.152876712328768,76.96504109589041,2.1113424657534248,2.973945205479452,14.233616438356163,16.01310502283105,15.989383561643836,0.3068219178082191,0.3024631278538813
Edirne,Türkiye,Walnuts,40.6284,29.5514,2023,15.14345205479452,20.419835616438355,10.864657534246575,74.11128767123287,2.0805753424657536,1.564904109589041,14.410082191780822,15.324908675799088,15.303584474885843,0.2750503424657534,0.2613066210045662
Edirne,Türkiye,Chick peas,41.0443,28.9148,2023,16.383808219178082,19.76391780821918,13.450958904109587,75.20268493150685,1.7684931506849315,4.211424657534247,14.266602739726029,17.304280821917807,17.25687214611872,0.2625124429223744,0.2630310502283105
Edirne,Türkiye,Lentils,40.362,30.0007,2023,13.45227397260274,19.63438356164384,8.57435616438356,75.70528767123288,2.2443835616438355,1.4284931506849314,14.139808219178082,16.86216894977169,16.840034246575343,0.2707342465753424,0.2603646118721461
Kırklareli,Türkiye,Wheat,40.4694,30.1217,2023,13.45227397260274,19.63438356164384,8.57435616438356,75.70528767123288,2.2443835616438355,1.4284931506849314,14.139808219178082,15.853139269406393,15.8248401826484,0.3019986301369863,0.2961813926940639
Kırklareli,Türkiye,Barley,40.2915,29.3756,2023,15.14345205479452,20.419835616438355,10.864657534246575,74.11128767123287,2.0805753424657536,1.564904109589041,14.410082191780822,14.123458904109588,14.069006849315068,0.2903498858447488,0.2815977168949771
Kırklareli,Türkiye,Maize (corn),40.2781,29.7751,2023,13.45227397260274,19.63438356164384,8.57435616438356,75.70528767123288,2.2443835616438355,1.4284931506849314,14.410082191780822,16.898721461187215,16.872260273972604,0.2661626712328767,0.2519683789954338
Kırklareli,Türkiye,Apples,40.5459,30.1929,2023,13.45227397260274,19.63438356164384,8.57435616438356,75.70528767123288,2.2443835616438355,1.4284931506849314,14.139808219178082,16.003333333333334,15.97511415525114,0.3019986301369863,0.2961813926940639
Kırklareli,Türkiye,Olives,41.152,29.0035,2023,16.383808219178082,19.76391780821918,13.450958904109587,75.20268493150685,1.7684931506849315,4.211424657534247,14.233616438356163,15.659668949771689,15.650639269406392,0.2779728310502283,0.2751232876712329
Kırklareli,Türkiye,Hazelnuts,40.9977,29.8681,2023,14.77317808219178,19.95895890410959,10.612383561643837,78.87109589041096,2.71572602739726,2.27627397260274,14.410082191780822,15.949760273972602,15.93843607305936,0.3227722602739726,0.3188028538812785
Kırklareli,Türkiye,Watermelons,40.6551,30.049,2023,13.45227397260274,19.63438356164384,8.57435616438356,75.70528767123288,2.2443835616438355,1.4284931506849314,14.139808219178082,16.535787671232878,16.511438356164383,0.3157657534246575,0.3121865296803653
Kırklareli,Türkiye,Walnuts,40.9038,29.2112,2023,15.991561643835617,19.4653698630137,13.152876712328768,76.96504109589041,2.1113424657534248,2.973945205479452,14.410082191780822,16.59502283105023,16.571255707762557,0.289268607305936,0.2931934931506849
Kırklareli,Türkiye,Chick peas,41.311,29.4514,2023,16.1826301369863,17.175780821917808,15.232109589041096,80.47501369863014,2.0493698630136987,4.77013698630137,14.233616438356163,16.69222602739726,16.69216894977169,0.2922408367579907,0.2891458207762554
Kırklareli,Türkiye,Lentils,40.5078,28.8011,2023,16.289178082191782,19.46717808219178,13.53441095890411,74.66104109589041,1.9884109589041097,3.111205479452055,14.761342465753424,17.897785388127854,17.86486301369863,0.2780762557077625,0.2813555936073059
Tekirdağ,Türkiye,Wheat,40.5371,29.141,2023,15.14345205479452,20.419835616438355,10.864657534246575,74.11128767123287,2.0805753424657536,1.564904109589041,14.410082191780822,16.531495433789953,16.481655251141554,0.2880711187214612,0.280383904109589
Tekirdağ,Türkiye,Barley,40.4946,30.1055,2023,13.45227397260274,19.63438356164384,8.57435616438356,75.70528767123288,2.2443835616438355,1.4284931506849314,14.139808219178082,15.853139269406393,15.8248401826484,0.3019986301369863,0.2961813926940639
Tekirdağ,Türkiye,Maize (corn),40.3159,29.0334,2023,16.289178082191782,19.46717808219178,13.53441095890411,74.66104109589041,1.9884109589041097,3.111205479452055,14.410082191780822,16.31662100456621,16.29271689497717,0.2798196347031964,0.2782562785388128
Tekirdağ,Türkiye,Apples,41.1873,29.0476,2023,16.383808219178082,19.76391780821918,13.450958904109587,75.20268493150685,1.7684931506849315,4.211424657534247,14.233616438356163,15.659668949771689,15.650639269406392,0.2779728310502283,0.2751232876712329
Tekirdağ,Türkiye,Olives,41.0076,29.9184,2023,14.77317808219178,19.95895890410959,10.612383561643837,78.87109589041096,2.71572602739726,2.27627397260274,14.233616438356163,15.949760273972602,15.93843607305936,0.3227722602739726,0.3188028538812785
Tekirdağ,Türkiye,Hazelnuts,40.755,29.4237,2023,15.991561643835617,19.4653698630137,13.152876712328768,76.96504109589041,2.1113424657534248,2.973945205479452,14.410082191780822,16.546278538812786,16.563550228310504,0.3058131278538812,0.3116171232876712
Tekirdağ,Türkiye,Watermelons,40.9841,29.3166,2023,15.991561643835617,19.4653698630137,13.152876712328768,76.96504109589041,2.1113424657534248,2.973945205479452,14.410082191780822,16.213607305936073,16.204509132420092,0.2967352739726027,0.2951115296803653
Tekirdağ,Türkiye,Walnuts,41.3206,29.2311,2023,16.1826301369863,17.175780821917808,15.232109589041096,80.47501369863014,2.0493698630136987,4.77013698630137,14.233616438356163,16.442602739726027,16.442545662100457,0.2854617933789952,0.284569723744292
Tekirdağ,Türkiye,Chick peas,40.3704,29.6111,2023,15.14345205479452,20.419835616438355,10.864657534246575,74.11128767123287,2.0805753424657536,1.564904109589041,14.410082191780822,17.92381278538813,17.885867579908677,0.2786972602739726,0.2677020547945205
Tekirdağ,Türkiye,Lentils,40.2668,30.1109,2023,13.45227397260274,19.63438356164384,8.57435616438356,75.70528767123288,2.2443835616438355,1.4284931506849314,14.139808219178082,16.070148401826483,16.03296803652968,0.2807329908675799,0.2736933789954338
Kocaeli,Türkiye,Wheat,40.4247,28.8662,2023,16.289178082191782,19.46717808219178,13.53441095890411,74.66104109589041,1.9884109589041097,3.111205479452055,14.761342465753424,17.562785388127853,17.560148401826485,0.2948675799086758,0.2970763698630137
Kocaeli,Türkiye,Barley,40.873,28.8282,2023,16.383808219178082,19.76391780821918,13.450958904109587,75.20268493150685,1.7684931506849315,4.211424657534247,14.761342465753424,16.659052511415524,16.65900684931507,0.273931640410959,0.2762033675799086
Kocaeli,Türkiye,Maize (corn),40.9144,29.7679,2023,14.77317808219178,19.95895890410959,10.612383561643837,78.87109589041096,2.71572602739726,2.27627397260274,14.410082191780822,15.532442922374427,15.500262557077626,0.275619406392694,0.2611125570776256
Kocaeli,Türkiye,Apples,40.1068,29.6539,2023,11.964520547945206,18.124438356164383,6.9670136986301365,73.97230136986302,1.91786301369863,2.01986301369863,14.410082191780822,12.027465753424655,11.94683789954338,0.3121131278538813,0.3108124429223744
Kocaeli,Türkiye,Olives,41.1818,30.0834,2023,14.77317808219178,19.95895890410959,10.612383561643837,78.87109589041096,2.71572602739726,2.27627397260274,14.086849315068491,16.530194063926942,16.530319634703197,0.3074889349315072,0.3059581289954339
Kocaeli,Türkiye,Hazelnuts,40.2498,29.7072,2023,13.031013698630137,19.872465753424656,7.57413698630137,70.68482191780822,1.7502465753424656,1.8233972602739723,14.410082191780822,15.999657534246577,15.940993150684932,0.2634034246575342,0.2495151826484018
Kocaeli,Türkiye,Watermelons,40.5704,29.3804,2023,15.14345205479452,20.419835616438355,10.864657534246575,74.11128767123287,2.0805753424657536,1.564904109589041,14.410082191780822,16.38447488584475,16.35953196347032,0.2700348173515982,0.2600974885844749
Kocaeli,Türkiye,Walnuts,40.2578,29.7131,2023,13.45227397260274,19.63438356164384,8.57435616438356,75.70528767123288,2.2443835616438355,1.4284931506849314,14.410082191780822,16.6474200913242,16.622305936073058,0.2661626712328767,0.2519683789954338
Kocaeli,Türkiye,Chick peas,41.4791,29.222,2023,16.1826301369863,17.175780821917808,15.232109589041096,80.47501369863014,2.0493698630136987,4.77013698630137,14.233616438356163,16.53456621004566,16.53466894977169,0.2854617933789952,0.2846895011415523
Kocaeli,Türkiye,Lentils,40.5445,30.082,2023,13.45227397260274,19.63438356164384,8.57435616438356,75.70528767123288,2.2443835616438355,1.4284931506849314,14.139808219178082,15.853139269406393,15.8248401826484,0.3019986301369863,0.2961813926940639
Sakarya,Türkiye,Wheat,40.5386,29.0888,2023,15.14345205479452,20.419835616438355,10.864657534246575,74.11128767123287,2.0805753424657536,1.564904109589041,14.410082191780822,16.531495433789953,16.481655251141554,0.2880711187214612,0.280383904109589
Sakarya,Türkiye,Barley,40.6569,29.9774,2023,13.45227397260274,19.63438356164384,8.57435616438356,75.70528767123288,2.2443835616438355,1.4284931506849314,14.410082191780822,16.535787671232878,16.511438356164383,0.3157657534246575,0.3121865296803653
Sakarya,Türkiye,Maize (corn),40.1991,29.3199,2023,11.964520547945206,18.124438356164383,6.9670136986301365,73.97230136986302,1.91786301369863,2.01986301369863,14.410082191780822,15.723173515981737,15.656632420091324,0.3114497716894977,0.3116179223744292
Sakarya,Türkiye,Apples,41.1414,28.8164,2023,16.383808219178082,19.76391780821918,13.450958904109587,75.20268493150685,1.7684931506849315,4.211424657534247,14.266602739726029,16.227180365296803,16.19140410958904,0.266979908675799,0.2661691780821917
Sakarya,Türkiye,Olives,40.2356,28.851,2023,14.47,20.456986301369863,9.4653698630137,71.11961643835616,2.0407671232876714,2.3594246575342464,14.761342465753424,17.28566210045662,17.25543378995434,0.2972869863013698,0.2980288812785388
Sakarya,Türkiye,Hazelnuts,40.8351,28.8755,2023,16.383808219178082,19.76391780821918,13.450958904109587,75.20268493150685,1.7684931506849315,4.211424657534247,14.761342465753424,16.789178082191782,16.789280821917806,0.2754017180365298,0.2766939691780822
Sakarya,Türkiye,Watermelons,41.241,29.5104,2023,15.991561643835617,19.4653698630137,13.152876712328768,76.96504109589041,2.1113424657534248,2.973945205479452,14.233616438356163,16.28307077625571,16.28316210045662,0.2897091735159816,0.2874255388127851
Sakarya,Türkiye,Walnuts,41.1485,29.2871,2023,15.991561643835617,19.4653698630137,13.152876712328768,76.96504109589041,2.1113424657534248,2.973945205479452,14.233616438356163,16.671107305936072,16.661278538812784,0.2809402968036529,0.2812157534246575
Sakarya,Türkiye,Chick peas,40.1671,28.9141,2023,14.47,20.456986301369863,9.4653698630137,71.11961643835616,2.0407671232876714,2.3594246575342464,14.761342465753424,17.28566210045662,17.25543378995434,0.2972869863013698,0.2980288812785388
Sakarya,Türkiye,Lentils,41.1273,29.0742,2023,15.991561643835617,19.4653698630137,13.152876712328768,76.96504109589041,2.1113424657534248,2.973945205479452,14.233616438356163,16.563755707762557,16.548116438356164,0.2876423515981735,0.2848515981735159
Yalova,Türkiye,Wheat,41.2179,29.7797,2023,14.77317808219178,19.95895890410959,10.612383561643837,78.87109589041096,2.71572602739726,2.27627397260274,14.233616438356163,16.480456621004567,16.48044520547945,0.3035062500000001,0.2997774166666667
Yalova,Türkiye,Barley,41.4534,28.8896,2023,16.171232876712327,17.45468493150685,15.004657534246576,79.81789041095891,1.989945205479452,4.813671232876712,14.266602739726029,16.575296803652968,16.575125570776255,0.2834728938356163,0.2819845308219177
Yalova,Türkiye,Maize (corn),40.6222,29.7173,2023,13.45227397260274,19.63438356164384,8.57435616438356,75.70528767123288,2.2443835616438355,1.4284931506849314,14.410082191780822,11.936586757990868,11.882614155251142,0.317661301369863,0.3152670091324201
Yalova,Türkiye,Apples,40.1676,30.0837,2023,13.031013698630137,19.872465753424656,7.57413698630137,70.68482191780822,1.7502465753424656,1.8233972602739723,14.139808219178082,16.56041095890411,16.5114497716895,0.2643574200913242,0.2625530821917808
Yalova,Türkiye,Olives,40.8157,29.5372,2023,15.991561643835617,19.4653698630137,13.152876712328768,76.96504109589041,2.1113424657534248,2.973945205479452,14.410082191780822,16.55740867579909,16.541541095890413,0.2776537671232876,0.2715939497716895
Yalova,Türkiye,Hazelnuts,41.1403,28.9857,2023,16.383808219178082,19.76391780821918,13.450958904109587,75.20268493150685,1.7684931506849315,4.211424657534247,14.266602739726029,16.163755707762558,16.148116438356166,0.2876423515981735,0.2848515981735159
Yalova,Türkiye,Watermelons,41.2185,29.6381,2023,15.991561643835617,19.4653698630137,13.152876712328768,76.96504109589041,2.1113424657534248,2.973945205479452,14.233616438356163,16.35150684931507,16.351586757990866,0.2990303378995431,0.2918265022831047
Yalova,Türkiye,Walnuts,40.5592,29.959,2023,13.45227397260274,19.63438356164384,8.57435616438356,75.70528767123288,2.2443835616438355,1.4284931506849314,14.410082191780822,9.10843607305936,9.051107305936071,0.3372418949771689,0.3343037671232877
Yalova,Türkiye,Chick peas,40.4036,29.8304,2023,13.45227397260274,19.63438356164384,8.57435616438356,75.70528767123288,2.2443835616438355,1.4284931506849314,14.410082191780822,15.232431506849316,15.1975799086758,0.2637436073059361,0.2482777397260274
Yalova,Türkiye,Lentils,41.2019,29.7721,2023,14.77317808219178,19.95895890410959,10.612383561643837,78.87109589041096,2.71572602739726,2.27627397260274,14.233616438356163,16.480456621004567,16.48044520547945,0.3036437591324202,0.2998147910958905
Bursa,Türkiye,Wheat,40.631,29.1585,2023,15.14345205479452,20.419835616438355,10.864657534246575,74.11128767123287,2.0805753424657536,1.564904109589041,14.410082191780822,16.965890410958902,16.925753424657533,0.2915276255707762,0.2916805936073059
Bursa,Türkiye,Barley,40.3211,29.4222,2023,15.14345205479452,20.419835616438355,10.864657534246575,74.11128767123287,2.0805753424657536,1.564904109589041,14.410082191780822,14.123458904109588,14.069006849315068,0.2903498858447488,0.2815977168949771
Bursa,Türkiye,Maize (corn),40.204,29.4264,2023,11.964520547945206,18.124438356164383,6.9670136986301365,73.97230136986302,1.91786301369863,2.01986301369863,14.410082191780822,15.174189497716895,15.106883561643835,0.3114497716894977,0.3116179223744292
Bursa,Türkiye,Apples,40.1239,29.3615,2023,11.964520547945206,18.124438356164383,6.9670136986301365,73.97230136986302,1.91786301369863,2.01986301369863,14.410082191780822,14.12148401826484,14.063938356164384,0.3090407534246575,0.3083514840182648
Bursa,Türkiye,Olives,40.4962,29.8196,2023,13.45227397260274,19.63438356164384,8.57435616438356,75.70528767123288,2.2443835616438355,1.4284931506849314,14.410082191780822,11.818367579908676,11.76269406392694,0.323546803652968,0.3275672374429224
Bursa,Türkiye,Hazelnuts,40.7312,29.9699,2023,13.45227397260274,19.63438356164384,8.57435616438356,75.70528767123288,2.2443835616438355,1.4284931506849314,14.410082191780822,16.535787671232878,16.511438356164383,0.3157657534246575,0.3121865296803653
Bursa,Türkiye,Watermelons,40.9832,29.9882,2023,14.77317808219178,19.95895890410959,10.612383561643837,78.87109589041096,2.71572602739726,2.27627397260274,14.410082191780822,15.687899543378997,15.677260273972603,0.3194676940639269,0.3158647260273972
Bursa,Türkiye,Walnuts,41.4271,28.8798,2023,16.171232876712327,17.45468493150685,15.004657534246576,79.81789041095891,1.989945205479452,4.813671232876712,14.266602739726029,16.58148401826484,16.581381278538814,0.2834728938356163,0.2819845308219177
Bursa,Türkiye,Chick peas,40.3949,29.3046,2023,15.14345205479452,20.419835616438355,10.864657534246575,74.11128767123287,2.0805753424657536,1.564904109589041,14.410082191780822,15.446027397260274,15.397408675799086,0.2847776255707762,0.2755116438356164
Bursa,Türkiye,Lentils,40.7852,28.8156,2023,16.383808219178082,19.76391780821918,13.450958904109587,75.20268493150685,1.7684931506849315,4.211424657534247,14.761342465753424,16.836175799086757,16.836221461187215,0.2738565525114156,0.2754815856164382
Bilecik,Türkiye,Wheat,41.3829,29.8526,2023,16.270794520547945,17.118164383561645,15.485643835616438,80.94446575342465,2.1526575342465755,4.818849315068493,14.233616438356163,16.74675799086758,16.746723744292236,0.2989086700913238,0.2931193299086755
Bilecik,Türkiye,Barley,40.7999,29.5213,2023,15.991561643835617,19.4653698630137,13.152876712328768,76.96504109589041,2.1113424657534248,2.973945205479452,14.410082191780822,16.55740867579909,16.541541095890413,0.2776537671232876,0.2715939497716895
Bilecik,Türkiye,Maize (corn),40.2718,29.4844,2023,15.14345205479452,20.419835616438355,10.864657534246575,74.11128767123287,2.0805753424657536,1.564904109589041,14.410082191780822,15.834018264840182,15.754292237442922,0.279071803652968,0.2673164383561643
Bilecik,Türkiye,Apples,40.241,29.9807,2023,13.031013698630137,19.872465753424656,7.57413698630137,70.68482191780822,1.7502465753424656,1.8233972602739723,14.410082191780822,14.320376712328768,14.244851598173517,0.3004037671232876,0.2968796803652968
Bilecik,Türkiye,Olives,40.5861,29.5885,2023,15.14345205479452,20.419835616438355,10.864657534246575,74.11128767123287,2.0805753424657536,1.564904109589041,14.410082191780822,15.324908675799088,15.303584474885843,0.2750503424657534,0.2613066210045662
Bilecik,Türkiye,Hazelnuts,40.7643,30.0148,2023,14.77317808219178,19.95895890410959,10.612383561643837,78.87109589041096,2.71572602739726,2.27627397260274,14.139808219178082,16.11656392694064,16.10560502283105,0.3056754566210046,0.3012622146118721
Bilecik,Türkiye,Watermelons,41.286,29.1391,2023,16.1826301369863,17.175780821917808,15.232109589041096,80.47501369863014,2.0493698630136987,4.77013698630137,14.233616438356163,16.45374429223744,16.4537899543379,0.2857022043378992,0.2841093413242009
Bilecik,Türkiye,Walnuts,41.2936,29.2231,2023,16.1826301369863,17.175780821917808,15.232109589041096,80.47501369863014,2.0493698630136987,4.77013698630137,14.233616438356163,16.442602739726027,16.442545662100457,0.2854617933789952,0.2846895011415523
Bilecik,Türkiye,Chick peas,41.0095,29.4132,2023,15.991561643835617,19.4653698630137,13.152876712328768,76.96504109589041,2.1113424657534248,2.973945205479452,14.233616438356163,16.458915525114154,16.43642694063927,0.2954030821917808,0.2932139269406392
Bilecik,Türkiye,Lentils,40.5479,28.9458,2023,16.289178082191782,19.46717808219178,13.53441095890411,74.66104109589041,1.9884109589041097,3.111205479452055,14.761342465753424,15.881780821917808,15.83099315068493,0.2880711187214612,0.280383904109589
Balıkesir,Türkiye,Wheat,41.2085,29.4666,2023,15.991561643835617,19.4653698630137,13.152876712328768,76.96504109589041,2.1113424657534248,2.973945205479452,14.233616438356163,16.28307077625571,16.28316210045662,0.2944761883561643,0.2914430799086756
Balıkesir,Türkiye,Barley,40.2693,29.4946,2023,15.14345205479452,20.419835616438355,10.864657534246575,74.11128767123287,2.0805753424657536,1.564904109589041,14.410082191780822,15.834018264840182,15.754292237442922,0.279071803652968,0.2673164383561643
Balıkesir,Türkiye,Maize (corn),40.3777,29.4671,2023,15.14345205479452,20.419835616438355,10.864657534246575,74.11128767123287,2.0805753424657536,1.564904109589041,14.410082191780822,17.92381278538813,17.885867579908677,0.2786972602739726,0.2677020547945205
Balıkesir,Türkiye,Apples,40.729,29.8687,2023,13.45227397260274,19.63438356164384,8.57435616438356,75.70528767123288,2.2443835616438355,1.4284931506849314,14.410082191780822,16.735787671232877,16.711438356164383,0.3157657534246575,0.3121865296803653
Balıkesir,Türkiye,Olives,41.416,29.0493,2023,16.171232876712327,17.45468493150685,15.004657534246576,79.81789041095891,1.989945205479452,4.813671232876712,14.233616438356163,16.76747716894977,16.76738584474886,0.2853998447488581,0.2840120582191781
Balıkesir,Türkiye,Hazelnuts,40.177,29.0877,2023,11.964520547945206,18.124438356164383,6.9670136986301365,73.97230136986302,1.91786301369863,2.01986301369863,14.410082191780822,17.114554794520547,17.07332191780822,0.3103469178082191,0.3100694063926941
Balıkesir,Türkiye,Watermelons,41.3901,30.11,2023,16.270794520547945,17.118164383561645,15.485643835616438,80.94446575342465,2.1526575342465755,4.818849315068493,14.086849315068491,16.83142694063927,16.83148401826484,0.2949296175799083,0.2908464531963469
Balıkesir,Türkiye,Walnuts,41.4261,30.1561,2023,16.270794520547945,17.118164383561645,15.485643835616438,80.94446575342465,2.1526575342465755,4.818849315068493,14.086849315068491,16.89134703196347,16.891358447488585,0.2949296175799083,0.2908464531963469
Balıkesir,Türkiye,Chick peas,40.4217,29.2373,2023,15.14345205479452,20.419835616438355,10.864657534246575,74.11128767123287,2.0805753424657536,1.564904109589041,14.410082191780822,16.504212328767125,16.47833333333333,0.2755163242009132,0.2724489726027397
Balıkesir,Türkiye,Lentils,41.0452,29.8405,2023,14.77317808219178,19.95895890410959,10.612383561643837,78.87109589041096,2.71572602739726,2.27627397260274,14.233616438356163,14.639509132420091,14.626118721461188,0.3168990867579909,0.3115295662100457
Çanakkale,Türkiye,Wheat,40.7693,28.9287,2023,16.383808219178082,19.76391780821918,13.450958904109587,75.20268493150685,1.7684931506849315,4.211424657534247,14.761342465753424,16.789178082191782,16.789280821917806,0.2761235593607306,0.2760523995433789
Çanakkale,Türkiye,Barley,40.5062,29.2084,2023,15.14345205479452,20.419835616438355,10.864657534246575,74.11128767123287,2.0805753424657536,1.564904109589041,14.410082191780822,14.312191780821918,14.247819634703196,0.3000575342465753,0.2932309360730593
Çanakkale,Türkiye,Maize (corn),41.3247,29.6887,2023,16.270794520547945,17.118164383561645,15.485643835616438,80.94446575342465,2.1526575342465755,4.818849315068493,14.233616438356163,16.643093607305936,16.64312785388128,0.2968856175799084,0.2877119303652966
Çanakkale,Türkiye,Apples,41.4501,29.9143,2023,16.270794520547945,17.118164383561645,15.485643835616438,80.94446575342465,2.1526575342465755,4.818849315068493,14.233616438356163,16.568687214611874,16.568744292237444,0.2983388789954334,0.2946727271689495
Çanakkale,Türkiye,Olives,41.1139,29.2793,2023,15.991561643835617,19.4653698630137,13.152876712328768,76.96504109589041,2.1113424657534248,2.973945205479452,14.233616438356163,16.671107305936072,16.661278538812784,0.2809402968036529,0.2812157534246575
Çanakkale,Türkiye,Hazelnuts,40.1242,29.7316,2023,13.031013698630137,19.872465753424656,7.57413698630137,70.68482191780822,1.7502465753424656,1.8233972602739723,14.410082191780822,12.027465753424655,11.94683789954338,0.3121131278538813,0.3108124429223744
Çanakkale,Türkiye,Watermelons,40.7037,29.6921,2023,13.45227397260274,19.63438356164384,8.57435616438356,75.70528767123288,2.2443835616438355,1.4284931506849314,14.410082191780822,16.882785388127854,16.851061643835617,0.237004109589041,0.2313671232876712
Çanakkale,Türkiye,Walnuts,40.4727,29.5044,2023,15.14345205479452,20.419835616438355,10.864657534246575,74.11128767123287,2.0805753424657536,1.564904109589041,14.410082191780822,15.933344748858447,15.89373287671233,0.2621085616438356,0.2468813926940639
Çanakkale,Türkiye,Chick peas,40.9508,29.3908,2023,15.991561643835617,19.4653698630137,13.152876712328768,76.96504109589041,2.1113424657534248,2.973945205479452,14.410082191780822,16.458915525114154,16.43642694063927,0.2954030821917808,0.2932139269406392
Çanakkale,Türkiye,Lentils,40.9998,29.679,2023,15.991561643835617,19.4653698630137,13.152876712328768,76.96504109589041,2.1113424657534248,2.973945205479452,14.410082191780822,15.959794520547945,15.957648401826484,0.307058904109589,0.2999617579908676
İzmir,Türkiye,Wheat,38.7201,27.8849,2023,15.76131506849315,22.75654794520548,9.655260273972605,66.52323287671233,1.9432602739726028,1.6413424657534246,16.767123287671232,18.061837899543377,18.06025114155252,0.268684703196347,0.2693437214611872
İzmir,Türkiye,Barley,38.3063,27.8151,2023,15.76131506849315,22.75654794520548,9.655260273972605,66.52323287671233,1.9432602739726028,1.6413424657534246,16.767123287671232,15.073835616438355,14.99409817351598,0.2600414383561644,0.2912449771689497
İzmir,Türkiye,Maize (corn),37.8504,27.9027,2023,16.47928767123288,23.414520547945205,10.433616438356164,64.48693150684932,2.0343561643835617,1.7575342465753423,17.825753424657535,16.33519406392694,16.277043378995433,0.2735422374429224,0.2885398401826484
İzmir,Türkiye,Apples,38.3381,26.9639,2023,18.32917808219178,23.391753424657534,13.799342465753424,69.2593698630137,1.8277534246575344,3.0664657534246573,17.28854794520548,14.191221461187215,14.128755707762558,0.2569985159817352,0.2744421232876712
İzmir,Türkiye,Olives,37.9204,27.1887,2023,18.04383561643836,24.761150684931508,12.209698630136986,64.4221095890411,1.675835616438356,2.230684931506849,17.825753424657535,20.97022831050228,20.90513698630137,0.2468236301369863,0.2628017123287671
İzmir,Türkiye,Hazelnuts,38.0714,27.4871,2023,18.04383561643836,24.761150684931508,12.209698630136986,64.4221095890411,1.675835616438356,2.230684931506849,16.767123287671232,19.89450913242009,19.81910958904109,0.2363929223744292,0.2363864155251141
İzmir,Türkiye,Watermelons,39.0464,26.9099,2023,17.92550684931507,22.07254794520548,14.222876712328768,71.37457534246575,1.8218082191780824,3.614054794520548,16.237561643835615,18.15353881278539,18.12327625570776,0.2688985159817351,0.2874561643835616
İzmir,Türkiye,Walnuts,38.3264,27.2967,2023,17.44287671232877,24.45191780821918,11.332986301369862,65.73846575342466,1.888821917808219,2.2156438356164383,16.767123287671232,18.26162100456621,18.22535388127854,0.2729994292237443,0.2982998858447488
İzmir,Türkiye,Chick peas,38.2584,27.9367,2023,15.76131506849315,22.75654794520548,9.655260273972605,66.52323287671233,1.9432602739726028,1.6413424657534246,16.767123287671232,14.573835616438355,14.49409817351598,0.2600414383561644,0.2912449771689497
İzmir,Türkiye,Lentils,38.3347,27.5097,2023,17.44287671232877,24.45191780821918,11.332986301369862,65.73846575342466,1.888821917808219,2.2156438356164383,16.767123287671232,13.220981735159818,13.166335616438356,0.2763764840182648,0.3003714611872146
Aydın,Türkiye,Wheat,38.0553,27.103,2023,19.47241095890411,22.58945205479452,16.53021917808219,69.73465753424658,1.3734520547945206,3.968931506849315,16.767123287671232,18.162876712328767,18.10698630136986,0.247296803652968,0.2687812785388128
Aydın,Türkiye,Barley,37.8943,27.3372,2023,18.04383561643836,24.761150684931508,12.209698630136986,64.4221095890411,1.675835616438356,2.230684931506849,17.825753424657535,19.42051369863014,19.354885844748857,0.2468236301369863,0.2628017123287671
Aydın,Türkiye,Maize (corn),38.6985,27.6711,2023,17.44287671232877,24.45191780821918,11.332986301369862,65.73846575342466,1.888821917808219,2.2156438356164383,16.767123287671232,18.889280821917808,18.845262557077625,0.2434844748858447,0.2385254566210045
Aydın,Türkiye,Apples,38.6896,27.0391,2023,18.32917808219178,23.391753424657534,13.799342465753424,69.2593698630137,1.8277534246575344,3.0664657534246573,16.767123287671232,19.491632420091324,19.472157534246577,0.2603125570776256,0.2628906392694063
Aydın,Türkiye,Olives,38.3116,27.3719,2023,17.44287671232877,24.45191780821918,11.332986301369862,65.73846575342466,1.888821917808219,2.2156438356164383,16.767123287671232,18.66162100456621,18.62535388127854,0.2729994292237443,0.2982998858447488
Aydın,Türkiye,Hazelnuts,38.1775,27.2836,2023,18.04383561643836,24.761150684931508,12.209698630136986,64.4221095890411,1.675835616438356,2.230684931506849,16.767123287671232,19.21541095890411,19.171038812785387,0.2729841324200913,0.2782449771689497
Aydın,Türkiye,Watermelons,38.2504,27.0081,2023,18.32917808219178,23.391753424657534,13.799342465753424,69.2593698630137,1.8277534246575344,3.0664657534246573,16.767123287671232,14.191221461187215,14.128755707762558,0.2569985159817352,0.2744421232876712
Aydın,Türkiye,Walnuts,39.1369,27.5765,2023,16.12619178082192,23.03586301369863,10.326027397260274,69.20608219178082,1.88813698630137,2.8401369863013697,15.253506849315068,14.416027397260274,14.38511415525114,0.2888279680365296,0.2936254566210046
Aydın,Türkiye,Chick peas,37.9215,27.6209,2023,18.04383561643836,24.761150684931508,12.209698630136986,64.4221095890411,1.675835616438356,2.230684931506849,17.825753424657535,19.395228310502283,19.33803652968037,0.2570397260273973,0.2742594748858447
Aydın,Türkiye,Lentils,37.8771,26.9589,2023,19.47241095890411,22.58945205479452,16.53021917808219,69.73465753424658,1.3734520547945206,3.968931506849315,17.84835616438356,20.965342465753423,20.96529680365297,0.2245237819634703,0.2488540399543377
Muğla,Türkiye,Wheat,38.8702,27.9225,2023,15.132438356164384,21.926986301369865,9.34849315068493,67.80397260273972,1.9044109589041096,2.361150684931507,16.767123287671232,17.07799086757991,17.080182648401827,0.3064147260273973,0.3196166666666666
Muğla,Türkiye,Barley,37.9163,27.2542,2023,18.04383561643836,24.761150684931508,12.209698630136986,64.4221095890411,1.675835616438356,2.230684931506849,17.825753424657535,19.42051369863014,19.354885844748857,0.2468236301369863,0.2628017123287671
Muğla,Türkiye,Maize (corn),38.7394,26.9991,2023,18.32917808219178,23.391753424657534,13.799342465753424,69.2593698630137,1.8277534246575344,3.0664657534246573,17.28854794520548,19.491632420091324,19.472157534246577,0.2603125570776256,0.2628906392694063
Muğla,Türkiye,Apples,39.091,27.1805,2023,17.92550684931507,22.07254794520548,14.222876712328768,71.37457534246575,1.8218082191780824,3.614054794520548,15.253506849315068,17.736438356164385,17.675810502283106,0.2824155251141552,0.2872945205479452
Muğla,Türkiye,Olives,37.8304,27.2942,2023,18.04383561643836,24.761150684931508,12.209698630136986,64.4221095890411,1.675835616438356,2.230684931506849,17.825753424657535,19.43788812785388,19.3631392694064,0.2431707762557077,0.239442808219178
Muğla,Türkiye,Hazelnuts,38.3545,26.9326,2023,18.32917808219178,23.391753424657534,13.799342465753424,69.2593698630137,1.8277534246575344,3.0664657534246573,17.28854794520548,19.461301369863016,19.46117579908676,0.2488795924657534,0.2684430958904105
Muğla,Türkiye,Watermelons,38.4138,27.4652,2023,17.44287671232877,24.45191780821918,11.332986301369862,65.73846575342466,1.888821917808219,2.2156438356164383,16.767123287671232,18.20450913242009,18.110034246575346,0.2553415525114155,0.2670755707762557
Muğla,Türkiye,Walnuts,38.9044,27.1433,2023,17.92550684931507,22.07254794520548,14.222876712328768,71.37457534246575,1.8218082191780824,3.614054794520548,16.767123287671232,18.402842465753423,18.41227168949772,0.2847845890410959,0.3061707762557077
Muğla,Türkiye,Chick peas,38.3344,27.2548,2023,17.44287671232877,24.45191780821918,11.332986301369862,65.73846575342466,1.888821917808219,2.2156438356164383,16.767123287671232,18.26162100456621,18.22535388127854,0.2729994292237443,0.2982998858447488
Muğla,Türkiye,Lentils,38.5665,27.9216,2023,15.76131506849315,22.75654794520548,9.655260273972605,66.52323287671233,1.9432602739726028,1.6413424657534246,16.767123287671232,19.05103881278539,19.02714611872146,0.2594929223744292,0.2521312785388128
Manisa,Türkiye,Wheat,38.3749,27.0698,2023,18.32917808219178,23.391753424657534,13.799342465753424,69.2593698630137,1.8277534246575344,3.0664657534246573,16.767123287671232,19.282454337899544,19.23,0.2310553652968036,0.2549880136986301
Manisa,Türkiye,Barley,38.1036,27.5833,2023,18.04383561643836,24.761150684931508,12.209698630136986,64.4221095890411,1.675835616438356,2.230684931506849,16.767123287671232,19.84343607305936,19.769600456621003,0.2363929223744292,0.2363864155251141
Manisa,Türkiye,Maize (corn),39.0003,27.3793,2023,16.12619178082192,23.03586301369863,10.326027397260274,69.20608219178082,1.88813698630137,2.8401369863013697,15.253506849315068,15.974406392694064,15.9262899543379,0.3018280821917808,0.3111654109589041
Manisa,Türkiye,Apples,38.1921,27.2799,2023,18.04383561643836,24.761150684931508,12.209698630136986,64.4221095890411,1.675835616438356,2.230684931506849,16.767123287671232,19.21541095890411,19.171038812785387,0.2729841324200913,0.2782449771689497
Manisa,Türkiye,Olives,38.6151,27.3986,2023,17.44287671232877,24.45191780821918,11.332986301369862,65.73846575342466,1.888821917808219,2.2156438356164383,16.767123287671232,16.947591324200914,16.87316210045662,0.2492676940639269,0.2427671232876712
Manisa,Türkiye,Hazelnuts,38.6465,27.9397,2023,15.76131506849315,22.75654794520548,9.655260273972605,66.52323287671233,1.9432602739726028,1.6413424657534246,16.767123287671232,19.05103881278539,19.02714611872146,0.2594929223744292,0.2521312785388128
Manisa,Türkiye,Watermelons,38.6402,28.0424,2023,15.76131506849315,22.75654794520548,9.655260273972605,66.52323287671233,1.9432602739726028,1.6413424657534246,16.706383561643836,19.25103881278539,19.22714611872146,0.2594929223744292,0.2521312785388128
Manisa,Türkiye,Walnuts,38.3253,26.885,2023,18.32917808219178,23.391753424657534,13.799342465753424,69.2593698630137,1.8277534246575344,3.0664657534246573,17.28854794520548,18.505365296803653,18.392648401826484,0.2228739726027397,0.2495603881278539
Manisa,Türkiye,Chick peas,38.3674,27.3058,2023,17.44287671232877,24.45191780821918,11.332986301369862,65.73846575342466,1.888821917808219,2.2156438356164383,16.767123287671232,13.626940639269408,13.552442922374428,0.2818569634703196,0.2966139269406392
Manisa,Türkiye,Lentils,38.9627,27.1532,2023,17.92550684931507,22.07254794520548,14.222876712328768,71.37457534246575,1.8218082191780824,3.614054794520548,16.767123287671232,17.756038812785388,17.744828767123288,0.2824030821917808,0.2994276255707762
Uşak,Türkiye,Wheat,38.0161,27.3738,2023,18.04383561643836,24.761150684931508,12.209698630136986,64.4221095890411,1.675835616438356,2.230684931506849,16.767123287671232,19.76550228310502,19.698276255707764,0.2530167808219178,0.2683305936073059
Uşak,Türkiye,Barley,38.8827,27.442,2023,16.12619178082192,23.03586301369863,10.326027397260274,69.20608219178082,1.88813698630137,2.8401369863013697,16.767123287671232,15.1388698630137,15.106449771689498,0.3039808219178082,0.3116795662100456
Uşak,Türkiye,Maize (corn),38.5179,27.953,2023,15.76131506849315,22.75654794520548,9.655260273972605,66.52323287671233,1.9432602739726028,1.6413424657534246,16.767123287671232,18.53541095890411,18.50384703196347,0.2804366438356164,0.2805654109589041
Uşak,Türkiye,Apples,39.1162,26.94,2023,17.92550684931507,22.07254794520548,14.222876712328768,71.37457534246575,1.8218082191780824,3.614054794520548,16.237561643835615,18.91779680365297,18.86068493150685,0.2865256849315069,0.299799200913242
Uşak,Türkiye,Olives,37.9612,27.7266,2023,18.04383561643836,24.761150684931508,12.209698630136986,64.4221095890411,1.675835616438356,2.230684931506849,17.825753424657535,15.880216894977169,15.803276255707765,0.2953372146118721,0.3063504566210046
Uşak,Türkiye,Hazelnuts,39.1385,27.8599,2023,15.132438356164384,21.926986301369865,9.34849315068493,67.80397260273972,1.9044109589041096,2.361150684931507,15.253506849315068,16.330456621004565,16.3300799086758,0.2879478310502283,0.2970018264840182
Uşak,Türkiye,Watermelons,39.0915,28.0336,2023,15.132438356164384,21.926986301369865,9.34849315068493,67.80397260273972,1.9044109589041096,2.361150684931507,15.21180821917808,16.079018264840183,16.05928082191781,0.2847318493150685,0.2968708904109589
Uşak,Türkiye,Walnuts,37.8275,27.2665,2023,18.04383561643836,24.761150684931508,12.209698630136986,64.4221095890411,1.675835616438356,2.230684931506849,17.825753424657535,19.43788812785388,19.3631392694064,0.2431707762557077,0.239442808219178
Uşak,Türkiye,Chick peas,38.0149,27.0267,2023,19.47241095890411,22.58945205479452,16.53021917808219,69.73465753424658,1.3734520547945206,3.968931506849315,16.767123287671232,20.37728310502283,20.377260273972603,0.2561608367579909,0.2736304315068494
Uşak,Türkiye,Lentils,38.6169,27.0888,2023,18.32917808219178,23.391753424657534,13.799342465753424,69.2593698630137,1.8277534246575344,3.0664657534246573,16.767123287671232,18.46517123287672,18.454212328767124,0.2850207762557077,0.3034692922374429
Kütahya,Türkiye,Wheat,38.1584,27.962,2023,16.47928767123288,23.414520547945205,10.433616438356164,64.48693150684932,2.0343561643835617,1.7575342465753423,16.767123287671232,18.054109589041097,18.018744292237443,0.2474800228310502,0.2499528538812785
Kütahya,Türkiye,Barley,37.8584,27.4661,2023,18.04383561643836,24.761150684931508,12.209698630136986,64.4221095890411,1.675835616438356,2.230684931506849,17.825753424657535,19.4453196347032,19.388150684931507,0.2570397260273973,0.2742594748858447
Kütahya,Türkiye,Maize (corn),38.1866,27.6516,2023,18.04383561643836,24.761150684931508,12.209698630136986,64.4221095890411,1.675835616438356,2.230684931506849,16.767123287671232,19.01239726027397,18.97236301369863,0.2717256849315068,0.2772907534246575
Kütahya,Türkiye,Apples,39.0667,27.1266,2023,17.92550684931507,22.07254794520548,14.222876712328768,71.37457534246575,1.8218082191780824,3.614054794520548,15.253506849315068,17.225673515981736,17.1690296803653,0.280158904109589,0.2960380136986301
Kütahya,Türkiye,Olives,38.798,27.5489,2023,16.12619178082192,23.03586301369863,10.326027397260274,69.20608219178082,1.88813698630137,2.8401369863013697,16.767123287671232,18.450011415525115,18.39409817351598,0.2524639269406393,0.2514174657534246
Kütahya,Türkiye,Hazelnuts,38.4224,27.8972,2023,15.76131506849315,22.75654794520548,9.655260273972605,66.52323287671233,1.9432602739726028,1.6413424657534246,16.767123287671232,13.73706621004566,13.679360730593608,0.3089780821917808,0.3127671232876712
Kütahya,Türkiye,Watermelons,38.1104,27.4878,2023,18.04383561643836,24.761150684931508,12.209698630136986,64.4221095890411,1.675835616438356,2.230684931506849,16.767123287671232,19.89450913242009,19.81910958904109,0.2363929223744292,0.2363864155251141
Kütahya,Türkiye,Walnuts,38.8153,27.765,2023,16.12619178082192,23.03586301369863,10.326027397260274,69.20608219178082,1.88813698630137,2.8401369863013697,16.767123287671232,18.64665525114156,18.625559360730595,0.2578456621004566,0.2508381278538812
Kütahya,Türkiye,Chick peas,38.0038,28.1634,2023,16.47928767123288,23.414520547945205,10.433616438356164,64.48693150684932,2.0343561643835617,1.7575342465753423,16.706383561643836,13.4112899543379,13.337922374429224,0.3126761415525114,0.3143963470319634
Kütahya,Türkiye,Lentils,37.9352,26.9023,2023,19.47241095890411,22.58945205479452,16.53021917808219,69.73465753424658,1.3734520547945206,3.968931506849315,17.84835616438356,20.516358447488585,20.516369863013697,0.2190608093607306,0.2431785947488585
Afyonkarahisar,Türkiye,Wheat,39.009,27.0735,2023,17.92550684931507,22.07254794520548,14.222876712328768,71.37457534246575,1.8218082191780824,3.614054794520548,15.253506849315068,17.10667808219178,17.093824200913243,0.2824030821917808,0.2994276255707762
Afyonkarahisar,Türkiye,Barley,37.8765,26.9476,2023,19.47241095890411,22.58945205479452,16.53021917808219,69.73465753424658,1.3734520547945206,3.968931506849315,17.84835616438356,20.516358447488585,20.516369863013697,0.2240447888127853,0.2488540399543377
Afyonkarahisar,Türkiye,Maize (corn),39.0916,26.8182,2023,17.92550684931507,22.07254794520548,14.222876712328768,71.37457534246575,1.8218082191780824,3.614054794520548,16.237561643835615,18.91779680365297,18.86068493150685,0.2865256849315069,0.299799200913242
Afyonkarahisar,Türkiye,Apples,38.3075,26.895,2023,18.32917808219178,23.391753424657534,13.799342465753424,69.2593698630137,1.8277534246575344,3.0664657534246573,17.28854794520548,18.505365296803653,18.392648401826484,0.2228739726027397,0.2495603881278539
Afyonkarahisar,Türkiye,Olives,38.4825,27.7639,2023,17.44287671232877,24.45191780821918,11.332986301369862,65.73846575342466,1.888821917808219,2.2156438356164383,16.767123287671232,18.76052511415525,18.72117579908676,0.255631506849315,0.252111301369863
Afyonkarahisar,Türkiye,Hazelnuts,38.3579,27.2965,2023,17.44287671232877,24.45191780821918,11.332986301369862,65.73846575342466,1.888821917808219,2.2156438356164383,16.767123287671232,13.626940639269408,13.552442922374428,0.2818569634703196,0.2966139269406392
Afyonkarahisar,Türkiye,Watermelons,38.6204,27.3026,2023,17.44287671232877,24.45191780821918,11.332986301369862,65.73846575342466,1.888821917808219,2.2156438356164383,16.767123287671232,15.245753424657536,15.206803652968036,0.2754374429223744,0.275183105022831
Afyonkarahisar,Türkiye,Walnuts,38.6341,27.0028,2023,18.32917808219178,23.391753424657534,13.799342465753424,69.2593698630137,1.8277534246575344,3.0664657534246573,16.767123287671232,19.27187214611872,19.24945205479452,0.2781066210045662,0.2864237442922374
Afyonkarahisar,Türkiye,Chick peas,38.4213,27.8405,2023,15.76131506849315,22.75654794520548,9.655260273972605,66.52323287671233,1.9432602739726028,1.6413424657534246,16.767123287671232,14.85788812785388,14.79027397260274,0.2824688356164384,0.2886796803652968
Afyonkarahisar,Türkiye,Lentils,38.2907,27.8039,2023,17.44287671232877,24.45191780821918,11.332986301369862,65.73846575342466,1.888821917808219,2.2156438356164383,16.767123287671232,15.073835616438355,14.99409817351598,0.2600414383561644,0.2912449771689497
Denizli,Türkiye,Wheat,37.9445,27.3717,2023,18.04383561643836,24.761150684931508,12.209698630136986,64.4221095890411,1.675835616438356,2.230684931506849,17.825753424657535,17.558778538812785,17.45670091324201,0.2363471461187214,0.263950799086758
Denizli,Türkiye,Barley,38.4099,27.3653,2023,17.44287671232877,24.45191780821918,11.332986301369862,65.73846575342466,1.888821917808219,2.2156438356164383,16.767123287671232,14.477294520547945,14.402728310502283,0.2818569634703196,0.2966139269406392
Denizli,Türkiye,Maize (corn),39.0738,27.621,2023,16.12619178082192,23.03586301369863,10.326027397260274,69.20608219178082,1.88813698630137,2.8401369863013697,15.253506849315068,14.416027397260274,14.38511415525114,0.2888279680365296,0.2936254566210046
Denizli,Türkiye,Apples,39.1314,27.5705,2023,16.12619178082192,23.03586301369863,10.326027397260274,69.20608219178082,1.88813698630137,2.8401369863013697,15.253506849315068,14.416027397260274,14.38511415525114,0.2888279680365296,0.2936254566210046
Denizli,Türkiye,Olives,38.2459,27.5528,2023,18.04383561643836,24.761150684931508,12.209698630136986,64.4221095890411,1.675835616438356,2.230684931506849,16.767123287671232,19.353150684931503,19.324520547945205,0.2769541095890411,0.2865539954337899
Denizli,Türkiye,Hazelnuts,37.939,27.8041,2023,18.04383561643836,24.761150684931508,12.209698630136986,64.4221095890411,1.675835616438356,2.230684931506849,17.825753424657535,17.603687214611874,17.576335616438357,0.2892506849315068,0.2971652968036529
Denizli,Türkiye,Watermelons,38.4462,26.964,2023,18.32917808219178,23.391753424657534,13.799342465753424,69.2593698630137,1.8277534246575344,3.0664657534246573,17.28854794520548,19.38497716894977,19.38488584474885,0.2526790684931507,0.2681092705479448
Denizli,Türkiye,Walnuts,38.274,27.4535,2023,17.44287671232877,24.45191780821918,11.332986301369862,65.73846575342466,1.888821917808219,2.2156438356164383,16.767123287671232,13.220981735159818,13.166335616438356,0.2763764840182648,0.3003714611872146
Denizli,Türkiye,Chick peas,38.4217,27.8233,2023,15.76131506849315,22.75654794520548,9.655260273972605,66.52323287671233,1.9432602739726028,1.6413424657534246,16.767123287671232,14.85788812785388,14.79027397260274,0.2824688356164384,0.2886796803652968
Denizli,Türkiye,Lentils,38.0194,27.7131,2023,18.04383561643836,24.761150684931508,12.209698630136986,64.4221095890411,1.675835616438356,2.230684931506849,16.767123287671232,15.880216894977169,15.803276255707765,0.2953372146118721,0.3063504566210046
Antalya,Türkiye,Wheat,36.8418,35.7187,2023,20.473397260273973,27.235945205479453,15.009424657534248,60.46304109589041,1.4886027397260273,2.20413698630137,18.14832876712329,20.254166666666663,20.1974200913242,0.2743356164383562,0.2816036529680365
Antalya,Türkiye,Barley,36.632,34.9797,2023,21.98290410958904,23.090849315068493,20.74468493150685,68.13178082191781,1.3673698630136986,3.97813698630137,17.936109589041095,23.628390410958904,23.628504566210047,0.2183741952054791,0.215293689497717
Antalya,Türkiye,Maize (corn),37.2488,35.1933,2023,20.455616438356163,26.68895890410959,15.279534246575343,54.20380821917808,1.3406301369863014,2.036602739726028,16.884958904109588,20.19632420091324,20.20513698630137,0.2722567351598173,0.2824198630136986
Antalya,Türkiye,Apples,37.6515,35.6504,2023,17.425643835616437,24.397506849315068,11.59,56.38487671232877,1.3753424657534248,1.9756986301369863,16.884958904109588,15.858892694063927,15.76472602739726,0.2707025114155251,0.2703566210045662
Antalya,Türkiye,Olives,36.8913,35.4761,2023,20.473397260273973,27.235945205479453,15.009424657534248,60.46304109589041,1.4886027397260273,2.20413698630137,18.14832876712329,21.58038812785388,21.50977168949772,0.2304851598173516,0.2256759132420091
Antalya,Türkiye,Hazelnuts,37.6809,35.8828,2023,17.425643835616437,24.397506849315068,11.59,56.38487671232877,1.3753424657534248,1.9756986301369863,16.884958904109588,12.996906392694063,12.921495433789952,0.2818901826484018,0.2807405251141552
Antalya,Türkiye,Watermelons,37.6903,36.1932,2023,16.611534246575342,23.64945205479452,10.62358904109589,58.72827397260274,1.3954794520547946,2.036301369863013,17.130520547945206,13.098196347031964,13.022180365296803,0.2986964611872146,0.2958360730593607
Antalya,Türkiye,Walnuts,36.6523,35.1245,2023,21.98290410958904,23.090849315068493,20.74468493150685,68.13178082191781,1.3673698630136986,3.97813698630137,18.14832876712329,21.33802511415525,21.281061643835617,0.2259763698630137,0.2194269406392694
Antalya,Türkiye,Chick peas,36.7341,35.5042,2023,21.72304109589041,23.36813698630137,20.15972602739726,68.08528767123288,1.4284657534246576,3.591041095890411,18.14832876712329,20.764212328767123,20.72448630136986,0.2799937214611872,0.2829557077625571
Antalya,Türkiye,Lentils,37.5334,36.1283,2023,16.611534246575342,23.64945205479452,10.62358904109589,58.72827397260274,1.3954794520547946,2.036301369863013,17.130520547945206,19.204748858447488,19.159383561643835,0.2661986301369863,0.2577365296803653
Mersin,Türkiye,Wheat,37.09,34.8655,2023,20.455616438356163,26.68895890410959,15.279534246575343,54.20380821917808,1.3406301369863014,2.036602739726028,17.115698630136986,19.54275114155251,19.54077625570776,0.3726408675799086,0.3856434931506849
Mersin,Türkiye,Barley,36.3845,36.0292,2023,19.16180821917808,25.27139726027397,14.255150684931507,64.83276712328767,1.094082191780822,2.346191780821918,18.016876712328767,18.085787671232875,17.81763698630137,0.1534424657534246,0.1591939497716895
Mersin,Türkiye,Maize (corn),36.8803,35.8817,2023,20.473397260273973,27.235945205479453,15.009424657534248,60.46304109589041,1.4886027397260273,2.20413698630137,18.14832876712329,20.561438356164384,20.517945205479453,0.2822416666666666,0.2890366438356164
Mersin,Türkiye,Apples,37.2343,35.4594,2023,20.473397260273973,27.235945205479453,15.009424657534248,60.46304109589041,1.4886027397260273,2.20413698630137,16.884958904109588,19.00426940639269,18.985342465753423,0.285887899543379,0.3009215753424658
Mersin,Türkiye,Olives,36.651,35.6414,2023,21.72304109589041,23.36813698630137,20.15972602739726,68.08528767123288,1.4284657534246576,3.591041095890411,18.14832876712329,20.91386986301369,20.87453196347032,0.2799937214611872,0.2829557077625571
Mersin,Türkiye,Hazelnuts,36.8577,35.275,2023,20.455616438356163,26.68895890410959,15.279534246575343,54.20380821917808,1.3406301369863014,2.036602739726028,18.14832876712329,21.628732876712327,21.53930365296804,0.2208985159817351,0.2095383561643835
Mersin,Türkiye,Watermelons,37.1593,34.8097,2023,20.455616438356163,26.68895890410959,15.279534246575343,54.20380821917808,1.3406301369863014,2.036602739726028,17.115698630136986,15.99964611872146,15.976495433789957,0.2979777397260274,0.3154562785388128
Mersin,Türkiye,Walnuts,37.1919,35.4171,2023,20.473397260273973,27.235945205479453,15.009424657534248,60.46304109589041,1.4886027397260273,2.20413698630137,16.884958904109588,19.4827397260274,19.46203196347032,0.2568149543378995,0.2821534246575342
Mersin,Türkiye,Chick peas,36.7796,34.9433,2023,20.455616438356163,26.68895890410959,15.279534246575343,54.20380821917808,1.3406301369863014,2.036602739726028,17.936109589041095,22.341906392694064,22.27344748858448,0.1820920091324201,0.1836147260273972
Mersin,Türkiye,Lentils,36.3035,36.1344,2023,19.16180821917808,25.27139726027397,14.255150684931507,64.83276712328767,1.094082191780822,2.346191780821918,18.016876712328767,18.613150684931508,18.4798401826484,0.244796803652968,0.2346611872146118
Adana,Türkiye,Wheat,36.756,35.5575,2023,20.473397260273973,27.235945205479453,15.009424657534248,60.46304109589041,1.4886027397260273,2.20413698630137,18.14832876712329,19.76843607305936,19.74921232876712,0.3073714611872146,0.3179737442922374
Adana,Türkiye,Barley,36.8145,34.9866,2023,20.455616438356163,26.68895890410959,15.279534246575343,54.20380821917808,1.3406301369863014,2.036602739726028,17.936109589041095,21.864417808219176,21.79111872146119,0.2032730593607306,0.1946149543378995
Adana,Türkiye,Maize (corn),36.5255,35.5688,2023,21.72304109589041,23.36813698630137,20.15972602739726,68.08528767123288,1.4284657534246576,3.591041095890411,18.14832876712329,23.333470319634703,23.333390410958906,0.2314156518264841,0.2399537397260276
Adana,Türkiye,Apples,36.7316,35.5005,2023,21.72304109589041,23.36813698630137,20.15972602739726,68.08528767123288,1.4284657534246576,3.591041095890411,18.14832876712329,20.764212328767123,20.72448630136986,0.2799937214611872,0.2829557077625571
Adana,Türkiye,Olives,36.576,35.2174,2023,21.98290410958904,23.090849315068493,20.74468493150685,68.13178082191781,1.3673698630136986,3.97813698630137,18.14832876712329,21.750456621004567,21.63533105022831,0.209976598173516,0.2277264840182648
Adana,Türkiye,Hazelnuts,37.3607,36.0731,2023,16.611534246575342,23.64945205479452,10.62358904109589,58.72827397260274,1.3954794520547946,2.036301369863013,17.130520547945206,20.13422374429224,20.09014840182648,0.264644406392694,0.2612043378995434
Adana,Türkiye,Watermelons,36.8419,35.8375,2023,20.473397260273973,27.235945205479453,15.009424657534248,60.46304109589041,1.4886027397260273,2.20413698630137,18.14832876712329,20.354166666666668,20.2974200913242,0.2743356164383562,0.2816036529680365
Adana,Türkiye,Walnuts,36.6857,36.0347,2023,19.16180821917808,25.27139726027397,14.255150684931507,64.83276712328767,1.094082191780822,2.346191780821918,18.016876712328767,24.355125570776256,24.35494292237443,0.2204480570776257,0.2113040764840183
Adana,Türkiye,Chick peas,37.1241,35.7325,2023,20.473397260273973,27.235945205479453,15.009424657534248,60.46304109589041,1.4886027397260273,2.20413698630137,16.884958904109588,20.627682648401827,20.629132420091324,0.3893275114155251,0.4051372146118721
Adana,Türkiye,Lentils,36.7402,36.0159,2023,19.16180821917808,25.27139726027397,14.255150684931507,64.83276712328767,1.094082191780822,2.346191780821918,18.016876712328767,24.355125570776256,24.35494292237443,0.2200092134703197,0.2113040764840183
Osmaniye,Türkiye,Wheat,36.8229,36.0489,2023,18.20419178082192,24.984219178082192,12.85323287671233,63.51846575342466,1.3467123287671232,1.5487397260273972,18.016876712328767,23.284794520547944,23.28485159817352,0.2439824075342466,0.2468078242009132
Osmaniye,Türkiye,Barley,37.1213,35.7618,2023,20.473397260273973,27.235945205479453,15.009424657534248,60.46304109589041,1.4886027397260273,2.20413698630137,16.884958904109588,20.8499200913242,20.80167808219178,0.2392271689497717,0.225475799086758
Osmaniye,Türkiye,Maize (corn),36.5093,35.4356,2023,21.72304109589041,23.36813698630137,20.15972602739726,68.08528767123288,1.4284657534246576,3.591041095890411,18.14832876712329,23.447043378995435,23.44703196347032,0.2209324337899542,0.2265273847031965
Osmaniye,Türkiye,Apples,37.6399,35.3453,2023,17.425643835616437,24.397506849315068,11.59,56.38487671232877,1.3753424657534248,1.9756986301369863,16.884958904109588,14.789337899543378,14.718504566210044,0.2934157534246575,0.3023783105022831
Osmaniye,Türkiye,Olives,37.0821,35.3666,2023,20.473397260273973,27.235945205479453,15.009424657534248,60.46304109589041,1.4886027397260273,2.20413698630137,16.884958904109588,20.65801369863013,20.65005707762557,0.3877904109589041,0.4028397260273972
Osmaniye,Türkiye,Hazelnuts,36.557,35.3187,2023,21.72304109589041,23.36813698630137,20.15972602739726,68.08528767123288,1.4284657534246576,3.591041095890411,18.14832876712329,21.750456621004567,21.63533105022831,0.209976598173516,0.2277264840182648
Osmaniye,Türkiye,Watermelons,36.3528,36.0244,2023,19.16180821917808,25.27139726027397,14.255150684931507,64.83276712328767,1.094082191780822,2.346191780821918,18.016876712328767,18.085787671232875,17.81763698630137,0.1534424657534246,0.1591939497716895
Osmaniye,Türkiye,Walnuts,36.8766,35.0084,2023,20.455616438356163,26.68895890410959,15.279534246575343,54.20380821917808,1.3406301369863014,2.036602739726028,18.14832876712329,22.422465753424657,22.357602739726023,0.206625,0.1861414383561644
Osmaniye,Türkiye,Chick peas,36.6461,34.8885,2023,21.98290410958904,23.090849315068493,20.74468493150685,68.13178082191781,1.3673698630136986,3.97813698630137,17.936109589041095,23.547488584474888,23.5475,0.2122699486301369,0.2137684166666667
Osmaniye,Türkiye,Lentils,37.2747,35.7547,2023,17.425643835616437,24.397506849315068,11.59,56.38487671232877,1.3753424657534248,1.9756986301369863,16.884958904109588,21.261392694063925,21.18727168949772,0.2548236301369863,0.245062100456621
Hatay,Türkiye,Wheat,37.6814,35.4374,2023,17.425643835616437,24.397506849315068,11.59,56.38487671232877,1.3753424657534248,1.9756986301369863,16.884958904109588,14.730148401826485,14.674988584474884,0.2789402968036529,0.2820937214611872
Hatay,Türkiye,Barley,37.4975,35.1133,2023,13.02641095890411,19.91917808219178,7.035671232876712,58.96654794520548,1.0261369863013698,1.8657808219178085,16.884958904109588,12.950479452054797,12.899303652968037,0.2465914383561643,0.2348085616438356
Hatay,Türkiye,Maize (corn),36.6907,35.0687,2023,21.98290410958904,23.090849315068493,20.74468493150685,68.13178082191781,1.3673698630136986,3.97813698630137,18.14832876712329,21.33802511415525,21.281061643835617,0.2259763698630137,0.2194269406392694
Hatay,Türkiye,Apples,37.6259,35.0599,2023,13.02641095890411,19.91917808219178,7.035671232876712,58.96654794520548,1.0261369863013698,1.8657808219178085,16.884958904109588,11.274897260273972,11.223641552511417,0.2604031963470319,0.2421603881278538
Hatay,Türkiye,Olives,36.4481,35.0237,2023,21.98290410958904,23.090849315068493,20.74468493150685,68.13178082191781,1.3673698630136986,3.97813698630137,18.14832876712329,23.42722602739726,23.42730593607305,0.1922576210045661,0.1959712283105023
Hatay,Türkiye,Hazelnuts,37.4555,34.9014,2023,13.02641095890411,19.91917808219178,7.035671232876712,58.96654794520548,1.0261369863013698,1.8657808219178085,17.115698630136986,12.231438356164384,12.181198630136986,0.224799200913242,0.2104144977168949
Hatay,Türkiye,Watermelons,37.2742,35.8523,2023,17.425643835616437,24.397506849315068,11.59,56.38487671232877,1.3753424657534248,1.9756986301369863,16.884958904109588,21.12341324200913,21.05308219178082,0.2613520547945205,0.2485502283105022
Hatay,Türkiye,Walnuts,36.5021,35.6162,2023,21.72304109589041,23.36813698630137,20.15972602739726,68.08528767123288,1.4284657534246576,3.591041095890411,18.14832876712329,23.333470319634703,23.333390410958906,0.2190137157534249,0.2337407054794522
Hatay,Türkiye,Chick peas,36.5572,35.7702,2023,21.72304109589041,23.36813698630137,20.15972602739726,68.08528767123288,1.4284657534246576,3.591041095890411,18.14832876712329,23.60390410958904,23.60388127853881,0.2187154372146121,0.2448854292237444
Hatay,Türkiye,Lentils,37.1919,35.6051,2023,20.473397260273973,27.235945205479453,15.009424657534248,60.46304109589041,1.4886027397260273,2.20413698630137,16.884958904109588,19.54091324200913,19.52849315068493,0.2814547945205479,0.2942751141552511
Kahramanmaraş,Türkiye,Wheat,37.3599,36.0829,2023,16.611534246575342,23.64945205479452,10.62358904109589,58.72827397260274,1.3954794520547946,2.036301369863013,17.130520547945206,20.13422374429224,20.09014840182648,0.264644406392694,0.2612043378995434
Kahramanmaraş,Türkiye,Barley,36.6609,36.1423,2023,19.16180821917808,25.27139726027397,14.255150684931507,64.83276712328767,1.094082191780822,2.346191780821918,18.016876712328767,20.20837899543379,20.12488584474886,0.2791033105022831,0.2689504566210046
Kahramanmaraş,Türkiye,Maize (corn),37.4242,35.9393,2023,16.611534246575342,23.64945205479452,10.62358904109589,58.72827397260274,1.3954794520547946,2.036301369863013,16.884958904109588,20.49665525114155,20.44997716894977,0.2664093607305936,0.2643154109589041
Kahramanmaraş,Türkiye,Apples,36.6115,35.9749,2023,19.16180821917808,25.27139726027397,14.255150684931507,64.83276712328767,1.094082191780822,2.346191780821918,18.14832876712329,21.713390410958905,21.64198630136986,0.276136301369863,0.2767833333333333
Kahramanmaraş,Türkiye,Olives,37.0003,35.9778,2023,18.20419178082192,24.984219178082192,12.85323287671233,63.51846575342466,1.3467123287671232,1.5487397260273972,16.884958904109588,19.2898401826484,19.24732876712329,0.2947808219178082,0.294032305936073
Kahramanmaraş,Türkiye,Hazelnuts,37.0287,35.6696,2023,20.473397260273973,27.235945205479453,15.009424657534248,60.46304109589041,1.4886027397260273,2.20413698630137,16.884958904109588,20.616038812785387,20.600536529680365,0.3671166666666666,0.3595842465753424
Kahramanmaraş,Türkiye,Watermelons,37.2557,35.3615,2023,17.425643835616437,24.397506849315068,11.59,56.38487671232877,1.3753424657534248,1.9756986301369863,16.884958904109588,19.13579908675799,19.12835616438356,0.3026865296803653,0.3148212328767123
Kahramanmaraş,Türkiye,Walnuts,36.4971,35.4574,2023,21.72304109589041,23.36813698630137,20.15972602739726,68.08528767123288,1.4284657534246576,3.591041095890411,18.14832876712329,23.14173515981735,23.141826484018264,0.217836067351598,0.2274787054794522
Kahramanmaraş,Türkiye,Chick peas,37.1296,35.7735,2023,20.473397260273973,27.235945205479453,15.009424657534248,60.46304109589041,1.4886027397260273,2.20413698630137,16.884958904109588,20.8499200913242,20.80167808219178,0.2392271689497717,0.225475799086758
Kahramanmaraş,Türkiye,Lentils,37.5802,35.7079,2023,17.425643835616437,24.397506849315068,11.59,56.38487671232877,1.3753424657534248,1.9756986301369863,16.884958904109588,14.237214611872146,14.174269406392694,0.2852826484018265,0.3020463470319635
Isparta,Türkiye,Wheat,37.4809,35.5379,2023,17.425643835616437,24.397506849315068,11.59,56.38487671232877,1.3753424657534248,1.9756986301369863,16.884958904109588,18.29267123287672,18.266438356164382,0.2901485159817351,0.2993541095890411
Isparta,Türkiye,Barley,37.2958,34.8713,2023,13.02641095890411,19.91917808219178,7.035671232876712,58.96654794520548,1.0261369863013698,1.8657808219178085,17.115698630136986,12.584634703196349,12.538584474885845,0.2827624429223744,0.2793182648401826
Isparta,Türkiye,Maize (corn),37.3065,35.1016,2023,13.02641095890411,19.91917808219178,7.035671232876712,58.96654794520548,1.0261369863013698,1.8657808219178085,16.884958904109588,18.62857305936073,18.6175799086758,0.2935934931506849,0.3027769406392694
Isparta,Türkiye,Apples,36.5941,35.1925,2023,21.98290410958904,23.090849315068493,20.74468493150685,68.13178082191781,1.3673698630136986,3.97813698630137,18.14832876712329,21.750456621004567,21.63533105022831,0.209976598173516,0.2277264840182648
Isparta,Türkiye,Olives,36.3723,35.9939,2023,19.16180821917808,25.27139726027397,14.255150684931507,64.83276712328767,1.094082191780822,2.346191780821918,18.14832876712329,18.085787671232875,17.81763698630137,0.1534424657534246,0.1591939497716895
Isparta,Türkiye,Hazelnuts,37.3814,34.9058,2023,13.02641095890411,19.91917808219178,7.035671232876712,58.96654794520548,1.0261369863013698,1.8657808219178085,17.115698630136986,15.928059360730591,15.858059360730593,0.2856571917808219,0.2863432648401826
Isparta,Türkiye,Watermelons,37.1615,35.4382,2023,20.473397260273973,27.235945205479453,15.009424657534248,60.46304109589041,1.4886027397260273,2.20413698630137,16.884958904109588,19.4827397260274,19.46203196347032,0.2568149543378995,0.2821534246575342
Isparta,Türkiye,Walnuts,37.5198,35.3364,2023,17.425643835616437,24.397506849315068,11.59,56.38487671232877,1.3753424657534248,1.9756986301369863,16.884958904109588,9.113264840182648,9.07033105022831,0.2937779680365296,0.297933105022831
Isparta,Türkiye,Chick peas,36.51,35.0847,2023,21.98290410958904,23.090849315068493,20.74468493150685,68.13178082191781,1.3673698630136986,3.97813698630137,18.14832876712329,23.421050228310506,23.42117579908676,0.2137192853881275,0.22260623630137
Isparta,Türkiye,Lentils,37.4402,35.7679,2023,17.425643835616437,24.397506849315068,11.59,56.38487671232877,1.3753424657534248,1.9756986301369863,16.884958904109588,20.9687899543379,20.93973744292237,0.3467608447488584,0.3660705479452055
Burdur,Türkiye,Wheat,36.406,35.8577,2023,21.72304109589041,23.36813698630137,20.15972602739726,68.08528767123288,1.4284657534246576,3.591041095890411,18.14832876712329,21.085787671232875,20.81763698630137,0.1534424657534246,0.1591939497716895
Burdur,Türkiye,Barley,36.757,35.5852,2023,20.473397260273973,27.235945205479453,15.009424657534248,60.46304109589041,1.4886027397260273,2.20413698630137,18.14832876712329,19.76843607305936,19.74921232876712,0.3073714611872146,0.3179737442922374
Burdur,Türkiye,Maize (corn),37.1133,35.0095,2023,20.455616438356163,26.68895890410959,15.279534246575343,54.20380821917808,1.3406301369863014,2.036602739726028,16.884958904109588,20.34275114155251,20.34077625570776,0.3726408675799086,0.3856434931506849
Burdur,Türkiye,Apples,37.3044,35.8847,2023,17.425643835616437,24.397506849315068,11.59,56.38487671232877,1.3753424657534248,1.9756986301369863,16.884958904109588,21.12341324200913,21.05308219178082,0.2613520547945205,0.2485502283105022
Burdur,Türkiye,Olives,36.409,35.2916,2023,21.98290410958904,23.090849315068493,20.74468493150685,68.13178082191781,1.3673698630136986,3.97813698630137,18.14832876712329,23.62144977168949,23.62154109589041,0.1927948835616436,0.2053206392694065
Burdur,Türkiye,Hazelnuts,36.3508,34.8918,2023,21.98290410958904,23.090849315068493,20.74468493150685,68.13178082191781,1.3673698630136986,3.97813698630137,17.936109589041095,23.44900684931507,23.44899543378996,0.1869770376712329,0.1969041712328767
Burdur,Türkiye,Watermelons,37.1574,35.2297,2023,20.455616438356163,26.68895890410959,15.279534246575343,54.20380821917808,1.3406301369863014,2.036602739726028,16.884958904109588,20.19632420091324,20.20513698630137,0.2722567351598173,0.2824198630136986
Burdur,Türkiye,Walnuts,37.6248,35.5416,2023,17.425643835616437,24.397506849315068,11.59,56.38487671232877,1.3753424657534248,1.9756986301369863,16.884958904109588,9.839429223744292,9.769440639269408,0.2934157534246575,0.3023783105022831
Burdur,Türkiye,Chick peas,37.2282,34.9518,2023,20.455616438356163,26.68895890410959,15.279534246575343,54.20380821917808,1.3406301369863014,2.036602739726028,17.115698630136986,20.082294520547944,20.08118721461188,0.2879904109589041,0.2968110730593607
Burdur,Türkiye,Lentils,36.836,36.1843,2023,18.20419178082192,24.984219178082192,12.85323287671233,63.51846575342466,1.3467123287671232,1.5487397260273972,18.016876712328767,22.26235159817352,22.262260273972604,0.249885962328767,0.2504581529680366
Ankara,Türkiye,Wheat,39.024,33.2802,2023,13.130958904109589,19.480109589041096,7.414191780821918,62.181616438356166,1.0591506849315069,2.5146027397260275,16.484383561643835,15.400536529680366,15.193230593607304,0.1268454337899543,0.1842068493150685
Ankara,Türkiye,Barley,39.2553,33.4045,2023,12.527561643835616,19.25435616438356,6.536109589041096,62.93142465753424,1.09813698630137,2.3795342465753424,16.484383561643835,14.633755707762557,14.534897260273972,0.2281651826484018,0.2160115296803653
Ankara,Türkiye,Maize (corn),38.3535,32.9587,2023,13.613260273972603,20.03090410958904,7.958630136986302,60.70690410958904,1.0001369863013698,2.457835616438356,16.922246575342466,14.506449771689498,14.433607305936071,0.2173877853881278,0.2043111872146118
Ankara,Türkiye,Apples,38.9646,32.4695,2023,12.97854794520548,19.83758904109589,6.965753424657534,61.83794520547945,1.0822739726027395,2.3231506849315067,16.922246575342466,13.698527397260277,13.640456621004564,0.2237229452054794,0.2163417808219178
Ankara,Türkiye,Olives,38.8045,33.1319,2023,13.130958904109589,19.480109589041096,7.414191780821918,62.181616438356166,1.0591506849315069,2.5146027397260275,17.456054794520547,14.951084474885844,14.855091324200911,0.2231059360730593,0.2121251141552511
Ankara,Türkiye,Hazelnuts,39.1718,33.1991,2023,13.130958904109589,19.480109589041096,7.414191780821918,62.181616438356166,1.0591506849315069,2.5146027397260275,16.484383561643835,14.121700913242009,14.041404109589042,0.2252300228310502,0.2187107305936073
Ankara,Türkiye,Watermelons,38.907,33.4776,2023,12.772465753424658,18.90438356164384,7.103890410958904,63.06167123287671,1.0873150684931507,2.587945205479452,17.456054794520547,15.425833333333332,15.328367579908676,0.1979869863013698,0.2064893835616438
Ankara,Türkiye,Walnuts,39.2117,33.1226,2023,13.130958904109589,19.480109589041096,7.414191780821918,62.181616438356166,1.0591506849315069,2.5146027397260275,16.484383561643835,14.459486301369862,14.381255707762556,0.2272297945205479,0.219370205479452
Ankara,Türkiye,Chick peas,38.6118,33.082,2023,13.613260273972603,20.03090410958904,7.958630136986302,60.70690410958904,1.0001369863013698,2.457835616438356,17.456054794520547,14.514280821917808,14.405639269406391,0.2118872146118721,0.2176148401826484
Ankara,Türkiye,Lentils,38.5309,33.5058,2023,13.589972602739726,20.27402739726028,7.576575342465754,59.2294794520548,1.0614246575342463,2.4934794520547947,17.456054794520547,15.3675,15.193470319634704,0.1883235159817351,0.2305997716894977
Konya,Türkiye,Wheat,38.8282,32.6927,2023,12.97854794520548,19.83758904109589,6.965753424657534,61.83794520547945,1.0822739726027395,2.3231506849315067,16.922246575342466,13.802990867579908,13.738812785388127,0.2206781963470319,0.2107833333333333
Konya,Türkiye,Barley,38.6104,33.5045,2023,13.589972602739726,20.27402739726028,7.576575342465754,59.2294794520548,1.0614246575342463,2.4934794520547947,17.456054794520547,9.900958904109588,9.881381278538813,0.0429877853881278,0.0709816210045662
Konya,Türkiye,Maize (corn),39.2663,32.5183,2023,12.649534246575342,19.29791780821918,6.673095890410959,62.93049315068493,1.1573150684931508,2.3521369863013697,16.431534246575342,14.448310502283103,14.363013698630136,0.2323472602739726,0.2256187214611872
Konya,Türkiye,Apples,39.6213,32.3687,2023,12.649534246575342,19.29791780821918,6.673095890410959,62.93049315068493,1.1573150684931508,2.3521369863013697,16.431534246575342,15.051267123287673,14.93304794520548,0.2248908675799086,0.2072208904109589
Konya,Türkiye,Olives,39.1516,32.7905,2023,12.97854794520548,19.83758904109589,6.965753424657534,61.83794520547945,1.0822739726027395,2.3231506849315067,16.431534246575342,14.097431506849317,14.000525114155252,0.2254810502283105,0.2177146118721461
Konya,Türkiye,Hazelnuts,39.6528,32.9075,2023,12.527561643835616,19.25435616438356,6.536109589041096,62.93142465753424,1.09813698630137,2.3795342465753424,16.431534246575342,11.607682648401829,11.515171232876712,0.2426902968036529,0.2310045662100456
Konya,Türkiye,Watermelons,38.4076,32.4816,2023,13.112986301369864,20.16158904109589,7.106027397260274,60.90701369863014,1.0130958904109588,2.286356164383561,16.922246575342466,15.286301369863011,15.2213698630137,0.1979437214611872,0.1841579908675799
Konya,Türkiye,Walnuts,38.9947,32.3192,2023,12.97854794520548,19.83758904109589,6.965753424657534,61.83794520547945,1.0822739726027395,2.3231506849315067,16.922246575342466,14.9462100456621,14.87222602739726,0.2210800228310502,0.203994406392694
Konya,Türkiye,Chick peas,39.3458,33.2411,2023,12.527561643835616,19.25435616438356,6.536109589041096,62.93142465753424,1.09813698630137,2.3795342465753424,16.484383561643835,14.154041095890411,14.073618721461187,0.225111301369863,0.2157418949771689
Konya,Türkiye,Lentils,38.356,33.2581,2023,13.613260273972603,20.03090410958904,7.958630136986302,60.70690410958904,1.0001369863013698,2.457835616438356,17.456054794520547,14.15148401826484,14.098002283105023,0.2270907534246575,0.2090373287671232
Eskişehir,Türkiye,Wheat,39.1465,33.0238,2023,13.130958904109589,19.480109589041096,7.414191780821918,62.181616438356166,1.0591506849315069,2.5146027397260275,16.484383561643835,14.11365296803653,14.03222602739726,0.2339723744292237,0.228846803652968
Eskişehir,Türkiye,Barley,39.1015,33.2928,2023,13.130958904109589,19.480109589041096,7.414191780821918,62.181616438356166,1.0591506849315069,2.5146027397260275,16.484383561643835,14.722203196347031,14.658926940639269,0.2224974885844748,0.2155729452054794
Eskişehir,Türkiye,Maize (corn),38.7675,33.0721,2023,13.130958904109589,19.480109589041096,7.414191780821918,62.181616438356166,1.0591506849315069,2.5146027397260275,17.456054794520547,14.951084474885844,14.855091324200911,0.2231059360730593,0.2121251141552511
Eskişehir,Türkiye,Apples,39.5523,33.219,2023,12.527561643835616,19.25435616438356,6.536109589041096,62.93142465753424,1.09813698630137,2.3795342465753424,16.484383561643835,11.316632420091324,11.23513698630137,0.2374071917808219,0.2296012557077625
Eskişehir,Türkiye,Olives,38.9911,33.1237,2023,13.130958904109589,19.480109589041096,7.414191780821918,62.181616438356166,1.0591506849315069,2.5146027397260275,17.456054794520547,14.587374429223743,14.516746575342466,0.2264182648401826,0.2184148401826484
Eskişehir,Türkiye,Hazelnuts,39.4392,32.4577,2023,12.649534246575342,19.29791780821918,6.673095890410959,62.93049315068493,1.1573150684931508,2.3521369863013697,16.431534246575342,12.616575342465753,12.526004566210046,0.2373624429223744,0.2306644977168949
Eskişehir,Türkiye,Watermelons,38.7709,33.6033,2023,12.772465753424658,18.90438356164384,7.103890410958904,63.06167123287671,1.0873150684931507,2.587945205479452,17.456054794520547,14.918561643835616,14.82607305936073,0.2319071917808219,0.2325221461187214
Eskişehir,Türkiye,Walnuts,39.3898,33.1006,2023,12.527561643835616,19.25435616438356,6.536109589041096,62.93142465753424,1.09813698630137,2.3795342465753424,16.484383561643835,14.95648401826484,14.723687214611871,0.143575,0.2140045662100456
Eskişehir,Türkiye,Chick peas,38.3842,33.2642,2023,13.613260273972603,20.03090410958904,7.958630136986302,60.70690410958904,1.0001369863013698,2.457835616438356,17.456054794520547,14.15148401826484,14.098002283105023,0.2270907534246575,0.2090373287671232
Eskişehir,Türkiye,Lentils,39.5726,32.9951,2023,12.527561643835616,19.25435616438356,6.536109589041096,62.93142465753424,1.09813698630137,2.3795342465753424,16.431534246575342,13.78769406392694,13.7074200913242,0.2245130136986301,0.2159394977168949
Kayseri,Türkiye,Wheat,39.2241,32.7922,2023,12.97854794520548,19.83758904109589,6.965753424657534,61.83794520547945,1.0822739726027395,2.3231506849315067,16.431534246575342,14.097431506849317,14.000525114155252,0.2254810502283105,0.2177146118721461
Kayseri,Türkiye,Barley,39.0512,32.6574,2023,12.97854794520548,19.83758904109589,6.965753424657534,61.83794520547945,1.0822739726027395,2.3231506849315067,16.431534246575342,14.286506849315067,14.196929223744291,0.2252781963470319,0.2210044520547945
Kayseri,Türkiye,Maize (corn),39.2882,33.1371,2023,12.527561643835616,19.25435616438356,6.536109589041096,62.93142465753424,1.09813698630137,2.3795342465753424,16.484383561643835,13.97906392694064,13.89958904109589,0.225111301369863,0.2157418949771689
Kayseri,Türkiye,Apples,38.8402,33.0134,2023,13.130958904109589,19.480109589041096,7.414191780821918,62.181616438356166,1.0591506849315069,2.5146027397260275,17.456054794520547,14.800787671232875,14.704566210045662,0.2231059360730593,0.2121251141552511
Kayseri,Türkiye,Olives,39.1449,33.2909,2023,13.130958904109589,19.480109589041096,7.414191780821918,62.181616438356166,1.0591506849315069,2.5146027397260275,16.484383561643835,14.722203196347031,14.658926940639269,0.2224974885844748,0.2155729452054794
Kayseri,Türkiye,Hazelnuts,39.655,32.6258,2023,12.649534246575342,19.29791780821918,6.673095890410959,62.93049315068493,1.1573150684931508,2.3521369863013697,16.431534246575342,12.008675799086758,11.912990867579907,0.2374385844748858,0.239886301369863
Kayseri,Türkiye,Watermelons,38.5953,32.4457,2023,13.112986301369864,20.16158904109589,7.106027397260274,60.90701369863014,1.0130958904109588,2.286356164383561,16.922246575342466,14.926586757990869,14.867876712328767,0.2040181506849315,0.1873423515981735
Kayseri,Türkiye,Walnuts,39.4849,33.5992,2023,12.444328767123288,19.14778082191781,6.476931506849315,63.8746301369863,1.1393150684931508,2.39186301369863,16.484383561643835,13.511198630136986,13.431552511415523,0.2456181506849315,0.236423401826484
Kayseri,Türkiye,Chick peas,39.5315,33.2511,2023,12.527561643835616,19.25435616438356,6.536109589041096,62.93142465753424,1.09813698630137,2.3795342465753424,16.484383561643835,14.954714611872149,14.844383561643836,0.2090797945205479,0.2052715753424657
Kayseri,Türkiye,Lentils,39.5159,32.5182,2023,12.649534246575342,19.29791780821918,6.673095890410959,62.93049315068493,1.1573150684931508,2.3521369863013697,16.431534246575342,13.410616438356165,13.313002283105025,0.2247238584474885,0.2180736301369863
Sivas,Türkiye,Wheat,39.4033,32.6397,2023,12.649534246575342,19.29791780821918,6.673095890410959,62.93049315068493,1.1573150684931508,2.3521369863013697,16.431534246575342,13.466906392694064,13.37587899543379,0.2373624429223744,0.2306644977168949
Sivas,Türkiye,Barley,39.114,33.514,2023,12.772465753424658,18.90438356164384,7.103890410958904,63.06167123287671,1.0873150684931507,2.587945205479452,16.484383561643835,15.098287671232876,15.007020547945206,0.2128679223744292,0.200559703196347
Sivas,Türkiye,Maize (corn),38.5983,33.2516,2023,13.613260273972603,20.03090410958904,7.958630136986302,60.70690410958904,1.0001369863013698,2.457835616438356,17.456054794520547,14.762123287671232,14.614703196347032,0.1518522831050228,0.1898914383561643
Sivas,Türkiye,Apples,39.6617,32.6275,2023,12.649534246575342,19.29791780821918,6.673095890410959,62.93049315068493,1.1573150684931508,2.3521369863013697,16.431534246575342,12.008675799086758,11.912990867579907,0.2374385844748858,0.239886301369863
Sivas,Türkiye,Olives,38.4887,32.6868,2023,13.112986301369864,20.16158904109589,7.106027397260274,60.90701369863014,1.0130958904109588,2.286356164383561,16.922246575342466,14.623413242009132,14.539235159817352,0.2139494292237443,0.204892808219178
Sivas,Türkiye,Hazelnuts,38.5541,33.5737,2023,13.589972602739726,20.27402739726028,7.576575342465754,59.2294794520548,1.0614246575342463,2.4934794520547947,17.456054794520547,9.900958904109588,9.881381278538813,0.0429877853881278,0.0709816210045662
Sivas,Türkiye,Watermelons,38.6437,32.7221,2023,13.112986301369864,20.16158904109589,7.106027397260274,60.90701369863014,1.0130958904109588,2.286356164383561,16.922246575342466,14.52958904109589,14.46425799086758,0.2119875570776255,0.1993579908675799
Sivas,Türkiye,Walnuts,38.329,33.2208,2023,13.613260273972603,20.03090410958904,7.958630136986302,60.70690410958904,1.0001369863013698,2.457835616438356,17.456054794520547,14.34384703196347,14.266358447488583,0.216637899543379,0.1982853881278538
Sivas,Türkiye,Chick peas,39.5213,33.2277,2023,12.527561643835616,19.25435616438356,6.536109589041096,62.93142465753424,1.09813698630137,2.3795342465753424,16.484383561643835,14.028127853881278,13.949337899543378,0.2190303652968036,0.2091545662100456
Sivas,Türkiye,Lentils,38.4713,32.7415,2023,13.112986301369864,20.16158904109589,7.106027397260274,60.90701369863014,1.0130958904109588,2.286356164383561,16.922246575342466,14.623413242009132,14.539235159817352,0.2139494292237443,0.204892808219178
Kırıkkale,Türkiye,Wheat,39.6099,33.2904,2023,12.527561643835616,19.25435616438356,6.536109589041096,62.93142465753424,1.09813698630137,2.3795342465753424,16.484383561643835,14.464520547945206,14.384246575342466,0.2234886986301369,0.2123026255707762
Kırıkkale,Türkiye,Barley,39.2927,32.6994,2023,12.649534246575342,19.29791780821918,6.673095890410959,62.93049315068493,1.1573150684931508,2.3521369863013697,16.431534246575342,11.613253424657534,11.5325799086758,0.2337906392694063,0.2260446347031963
Kırıkkale,Türkiye,Maize (corn),38.8735,32.7655,2023,12.97854794520548,19.83758904109589,6.965753424657534,61.83794520547945,1.0822739726027395,2.3231506849315067,16.922246575342466,15.017477168949773,14.924006849315068,0.2144632420091324,0.2092114155251141
Kırıkkale,Türkiye,Apples,38.4014,33.4866,2023,13.589972602739726,20.27402739726028,7.576575342465754,59.2294794520548,1.0614246575342463,2.4934794520547947,17.456054794520547,15.225319634703196,14.92115296803653,0.1055212328767123,0.1476078767123287
Kırıkkale,Türkiye,Olives,38.341,33.5359,2023,13.589972602739726,20.27402739726028,7.576575342465754,59.2294794520548,1.0614246575342463,2.4934794520547947,17.456054794520547,14.444680365296804,14.355513698630135,0.2278432648401826,0.2149716894977169
Kırıkkale,Türkiye,Hazelnuts,38.5443,33.3652,2023,13.613260273972603,20.03090410958904,7.958630136986302,60.70690410958904,1.0001369863013698,2.457835616438356,17.456054794520547,15.292203196347032,15.118367579908677,0.1883235159817351,0.2305997716894977
Kırıkkale,Türkiye,Watermelons,38.7296,33.4816,2023,13.589972602739726,20.27402739726028,7.576575342465754,59.2294794520548,1.0614246575342463,2.4934794520547947,17.456054794520547,9.59066210045662,9.619429223744293,0.0415843607305936,0.0764090182648401
Kırıkkale,Türkiye,Walnuts,38.7995,32.6036,2023,12.97854794520548,19.83758904109589,6.965753424657534,61.83794520547945,1.0822739726027395,2.3231506849315067,16.922246575342466,13.752579908675798,13.688367579908675,0.2206781963470319,0.2107833333333333
Kırıkkale,Türkiye,Chick peas,39.6829,33.6628,2023,12.444328767123288,19.14778082191781,6.476931506849315,63.8746301369863,1.1393150684931508,2.39186301369863,16.484383561643835,12.935536529680366,12.844155251141553,0.2329880136986301,0.225421803652968
Kırıkkale,Türkiye,Lentils,39.5643,33.6049,2023,12.444328767123288,19.14778082191781,6.476931506849315,63.8746301369863,1.1393150684931508,2.39186301369863,16.484383561643835,13.775924657534247,13.68365296803653,0.2324133561643835,0.2235254566210045
Kırşehir,Türkiye,Wheat,38.6536,33.5996,2023,13.589972602739726,20.27402739726028,7.576575342465754,59.2294794520548,1.0614246575342463,2.4934794520547947,17.456054794520547,16.223698630136987,15.957237442922374,0.1364523972602739,0.1909278538812785
Kırşehir,Türkiye,Barley,39.0883,33.5164,2023,12.772465753424658,18.90438356164384,7.103890410958904,63.06167123287671,1.0873150684931507,2.587945205479452,16.484383561643835,15.098287671232876,15.007020547945206,0.2128679223744292,0.200559703196347
Kırşehir,Türkiye,Maize (corn),38.8676,32.8594,2023,13.130958904109589,19.480109589041096,7.414191780821918,62.181616438356166,1.0591506849315069,2.5146027397260275,16.922246575342466,14.807751141552512,14.721689497716897,0.2173920091324201,0.2062023972602739
Kırşehir,Türkiye,Apples,38.8881,33.6962,2023,12.772465753424658,18.90438356164384,7.103890410958904,63.06167123287671,1.0873150684931507,2.587945205479452,17.456054794520547,14.35562785388128,14.283413242009132,0.2280271689497716,0.2213057077625571
Kırşehir,Türkiye,Olives,38.4626,33.3726,2023,13.613260273972603,20.03090410958904,7.958630136986302,60.70690410958904,1.0001369863013698,2.457835616438356,17.456054794520547,15.292203196347032,15.118367579908677,0.1883235159817351,0.2305997716894977
Kırşehir,Türkiye,Hazelnuts,38.962,32.9029,2023,13.130958904109589,19.480109589041096,7.414191780821918,62.181616438356166,1.0591506849315069,2.5146027397260275,16.922246575342466,14.313059360730591,14.212682648401827,0.2195313926940639,0.2108851598173516
Kırşehir,Türkiye,Watermelons,38.7471,32.9566,2023,13.613260273972603,20.03090410958904,7.958630136986302,60.70690410958904,1.0001369863013698,2.457835616438356,16.922246575342466,14.831655251141552,14.738481735159818,0.2248592465753424,0.2166043378995434
Kırşehir,Türkiye,Walnuts,39.2368,33.0694,2023,13.130958904109589,19.480109589041096,7.414191780821918,62.181616438356166,1.0591506849315069,2.5146027397260275,16.484383561643835,14.459486301369862,14.381255707762556,0.2272297945205479,0.219370205479452
Kırşehir,Türkiye,Chick peas,38.701,33.1557,2023,13.613260273972603,20.03090410958904,7.958630136986302,60.70690410958904,1.0001369863013698,2.457835616438356,17.456054794520547,15.025856164383562,14.867043378995431,0.1524162100456621,0.1886547945205479
Kırşehir,Türkiye,Lentils,38.4428,32.707,2023,13.112986301369864,20.16158904109589,7.106027397260274,60.90701369863014,1.0130958904109588,2.286356164383561,16.922246575342466,14.984029680365296,14.901107305936073,0.2086198630136986,0.1940076484018265
Çankırı,Türkiye,Wheat,39.6964,32.6895,2023,12.649534246575342,19.29791780821918,6.673095890410959,62.93049315068493,1.1573150684931508,2.3521369863013697,16.431534246575342,12.607682648401829,12.515171232876712,0.2426902968036529,0.2310045662100456
Çankırı,Türkiye,Barley,39.1539,33.3352,2023,13.130958904109589,19.480109589041096,7.414191780821918,62.181616438356166,1.0591506849315069,2.5146027397260275,16.484383561643835,14.141130136986302,14.074006849315069,0.2218989726027397,0.2126466894977169
Çankırı,Türkiye,Maize (corn),39.2803,32.6193,2023,12.649534246575342,19.29791780821918,6.673095890410959,62.93049315068493,1.1573150684931508,2.3521369863013697,16.431534246575342,13.524155251141552,13.44431506849315,0.2288454337899543,0.2215061643835616
Çankırı,Türkiye,Apples,38.7225,33.0788,2023,13.613260273972603,20.03090410958904,7.958630136986302,60.70690410958904,1.0001369863013698,2.457835616438356,17.456054794520547,14.976050228310502,14.816038812785388,0.1524162100456621,0.1886547945205479
Çankırı,Türkiye,Olives,39.2271,32.9325,2023,13.130958904109589,19.480109589041096,7.414191780821918,62.181616438356166,1.0591506849315069,2.5146027397260275,16.431534246575342,12.84829908675799,12.750582191780822,0.2254810502283105,0.2177146118721461
Çankırı,Türkiye,Hazelnuts,38.8899,32.568,2023,12.97854794520548,19.83758904109589,6.965753424657534,61.83794520547945,1.0822739726027395,2.3231506849315067,16.922246575342466,13.46687214611872,13.398949771689498,0.2137220319634703,0.2033246575342465
Çankırı,Türkiye,Watermelons,39.4243,33.1785,2023,12.527561643835616,19.25435616438356,6.536109589041096,62.93142465753424,1.09813698630137,2.3795342465753424,16.484383561643835,14.046141552511417,13.977591324200914,0.2282140410958904,0.2120390410958904
Çankırı,Türkiye,Walnuts,39.6116,33.5144,2023,12.444328767123288,19.14778082191781,6.476931506849315,63.8746301369863,1.1393150684931508,2.39186301369863,16.484383561643835,13.125856164383562,13.033641552511416,0.2324133561643835,0.2235254566210045
Çankırı,Türkiye,Chick peas,38.7523,33.1272,2023,13.130958904109589,19.480109589041096,7.414191780821918,62.181616438356166,1.0591506849315069,2.5146027397260275,17.456054794520547,14.951084474885844,14.855091324200911,0.2231059360730593,0.2121251141552511
Çankırı,Türkiye,Lentils,39.5298,32.6993,2023,12.649534246575342,19.29791780821918,6.673095890410959,62.93049315068493,1.1573150684931508,2.3521369863013697,16.431534246575342,13.156940639269406,13.075011415525116,0.2311687214611872,0.2143413242009132
Karaman,Türkiye,Wheat,39.3196,33.213,2023,12.527561643835616,19.25435616438356,6.536109589041096,62.93142465753424,1.09813698630137,2.3795342465753424,16.484383561643835,14.154041095890411,14.073618721461187,0.225111301369863,0.2157418949771689
Karaman,Türkiye,Barley,38.552,32.32,2023,13.112986301369864,20.16158904109589,7.106027397260274,60.90701369863014,1.0130958904109588,2.286356164383561,16.922246575342466,14.970342465753424,14.92664383561644,0.2086119863013698,0.1887118721461187
Karaman,Türkiye,Maize (corn),39.4555,32.7729,2023,12.649534246575342,19.29791780821918,6.673095890410959,62.93049315068493,1.1573150684931508,2.3521369863013697,16.431534246575342,12.906723744292238,12.824132420091324,0.2311687214611872,0.2143413242009132
Karaman,Türkiye,Apples,39.5964,32.6766,2023,12.649534246575342,19.29791780821918,6.673095890410959,62.93049315068493,1.1573150684931508,2.3521369863013697,16.431534246575342,13.358299086757992,13.248219178082191,0.2267554794520548,0.2163835616438356
Karaman,Türkiye,Olives,39.3448,32.6507,2023,12.649534246575342,19.29791780821918,6.673095890410959,62.93049315068493,1.1573150684931508,2.3521369863013697,16.431534246575342,11.613253424657534,11.5325799086758,0.2337906392694063,0.2260446347031963
Karaman,Türkiye,Hazelnuts,38.8798,32.5352,2023,12.97854794520548,19.83758904109589,6.965753424657534,61.83794520547945,1.0822739726027395,2.3231506849315067,16.922246575342466,13.950867579908676,13.876107305936072,0.2234332191780822,0.218006506849315
Karaman,Türkiye,Watermelons,39.5172,32.4908,2023,12.649534246575342,19.29791780821918,6.673095890410959,62.93049315068493,1.1573150684931508,2.3521369863013697,16.431534246575342,13.410616438356165,13.313002283105025,0.2247238584474885,0.2180736301369863
Karaman,Türkiye,Walnuts,38.6932,32.9835,2023,13.613260273972603,20.03090410958904,7.958630136986302,60.70690410958904,1.0001369863013698,2.457835616438356,16.922246575342466,14.831655251141552,14.738481735159818,0.2248592465753424,0.2166043378995434
Karaman,Türkiye,Chick peas,38.7736,32.4703,2023,12.97854794520548,19.83758904109589,6.965753424657534,61.83794520547945,1.0822739726027395,2.3231506849315067,16.922246575342466,14.387054794520548,14.325970319634704,0.21502100456621,0.2030216894977169
Karaman,Türkiye,Lentils,39.1787,32.8071,2023,12.97854794520548,19.83758904109589,6.965753424657534,61.83794520547945,1.0822739726027395,2.3231506849315067,16.431534246575342,14.097431506849317,14.000525114155252,0.2254810502283105,0.2177146118721461
Aksaray,Türkiye,Wheat,39.3233,33.3591,2023,12.527561643835616,19.25435616438356,6.536109589041096,62.93142465753424,1.09813698630137,2.3795342465753424,16.484383561643835,14.633755707762557,14.534897260273972,0.2281651826484018,0.2160115296803653
Aksaray,Türkiye,Barley,38.7123,33.1086,2023,13.613260273972603,20.03090410958904,7.958630136986302,60.70690410958904,1.0001369863013698,2.457835616438356,17.456054794520547,14.976050228310502,14.816038812785388,0.1524162100456621,0.1886547945205479
Aksaray,Türkiye,Maize (corn),39.3393,33.1079,2023,12.527561643835616,19.25435616438356,6.536109589041096,62.93142465753424,1.09813698630137,2.3795342465753424,16.484383561643835,13.97906392694064,13.89958904109589,0.225111301369863,0.2157418949771689
Aksaray,Türkiye,Apples,38.4021,32.4367,2023,13.112986301369864,20.16158904109589,7.106027397260274,60.90701369863014,1.0130958904109588,2.286356164383561,16.922246575342466,15.034794520547946,14.984497716894976,0.1986560502283105,0.1837559360730593
Aksaray,Türkiye,Olives,38.8317,32.6964,2023,12.97854794520548,19.83758904109589,6.965753424657534,61.83794520547945,1.0822739726027395,2.3231506849315067,16.922246575342466,13.802990867579908,13.738812785388127,0.2206781963470319,0.2107833333333333
Aksaray,Türkiye,Hazelnuts,39.5189,33.0739,2023,12.527561643835616,19.25435616438356,6.536109589041096,62.93142465753424,1.09813698630137,2.3795342465753424,16.484383561643835,12.991643835616438,12.913687214611873,0.2314094748858447,0.2213644977168949
Aksaray,Türkiye,Watermelons,38.8517,33.0798,2023,13.130958904109589,19.480109589041096,7.414191780821918,62.181616438356166,1.0591506849315069,2.5146027397260275,17.456054794520547,15.049246575342464,14.93640410958904,0.2061038812785388,0.2012160958904109
Aksaray,Türkiye,Walnuts,39.0538,32.6694,2023,12.97854794520548,19.83758904109589,6.965753424657534,61.83794520547945,1.0822739726027395,2.3231506849315067,16.431534246575342,14.286506849315067,14.196929223744291,0.2252781963470319,0.2210044520547945
Aksaray,Türkiye,Chick peas,39.2382,32.6815,2023,12.97854794520548,19.83758904109589,6.965753424657534,61.83794520547945,1.0822739726027395,2.3231506849315067,16.431534246575342,13.416792237442923,13.341449771689495,0.228907305936073,0.2244214611872146
Aksaray,Türkiye,Lentils,39.335,33.1029,2023,12.527561643835616,19.25435616438356,6.536109589041096,62.93142465753424,1.09813698630137,2.3795342465753424,16.484383561643835,13.97906392694064,13.89958904109589,0.225111301369863,0.2157418949771689
Niğde,Türkiye,Wheat,38.4169,32.9263,2023,13.613260273972603,20.03090410958904,7.958630136986302,60.70690410958904,1.0001369863013698,2.457835616438356,16.922246575342466,14.428858447488585,14.355764840182648,0.2127426940639269,0.199961301369863
Niğde,Türkiye,Barley,38.7183,32.5302,2023,13.112986301369864,20.16158904109589,7.106027397260274,60.90701369863014,1.0130958904109588,2.286356164383561,16.922246575342466,14.684908675799086,14.635102739726028,0.2062157534246575,0.1903900684931506
Niğde,Türkiye,Maize (corn),39.2586,33.5173,2023,12.444328767123288,19.14778082191781,6.476931506849315,63.8746301369863,1.1393150684931508,2.39186301369863,16.484383561643835,14.704280821917807,14.603447488584475,0.220934703196347,0.2108789954337899
Niğde,Türkiye,Apples,38.3203,32.3193,2023,13.112986301369864,20.16158904109589,7.106027397260274,60.90701369863014,1.0130958904109588,2.286356164383561,16.922246575342466,13.91607305936073,13.837431506849317,0.2372614155251141,0.222098401826484
Niğde,Türkiye,Olives,39.5256,33.3735,2023,12.527561643835616,19.25435616438356,6.536109589041096,62.93142465753424,1.09813698630137,2.3795342465753424,16.484383561643835,15.754714611872146,15.644383561643837,0.2090797945205479,0.2052715753424657
Niğde,Türkiye,Hazelnuts,38.4737,32.6407,2023,13.112986301369864,20.16158904109589,7.106027397260274,60.90701369863014,1.0130958904109588,2.286356164383561,16.922246575342466,14.536643835616438,14.485650684931509,0.203487899543379,0.1835442922374429
Niğde,Türkiye,Watermelons,38.3122,32.5923,2023,13.112986301369864,20.16158904109589,7.106027397260274,60.90701369863014,1.0130958904109588,2.286356164383561,16.922246575342466,14.580239726027395,14.49033105022831,0.211362899543379,0.1953469178082191
Niğde,Türkiye,Walnuts,39.3219,33.4597,2023,12.444328767123288,19.14778082191781,6.476931506849315,63.8746301369863,1.1393150684931508,2.39186301369863,16.484383561643835,14.704280821917807,14.603447488584475,0.220934703196347,0.2108789954337899
Niğde,Türkiye,Chick peas,39.3048,32.9525,2023,12.527561643835616,19.25435616438356,6.536109589041096,62.93142465753424,1.09813698630137,2.3795342465753424,16.431534246575342,13.868390410958904,13.776917808219178,0.2201731735159817,0.210325799086758
Niğde,Türkiye,Lentils,38.6245,33.6372,2023,13.589972602739726,20.27402739726028,7.576575342465754,59.2294794520548,1.0614246575342463,2.4934794520547947,17.456054794520547,9.900958904109588,9.881381278538813,0.0429877853881278,0.0709816210045662
Nevşehir,Türkiye,Wheat,38.7006,33.1982,2023,13.613260273972603,20.03090410958904,7.958630136986302,60.70690410958904,1.0001369863013698,2.457835616438356,17.456054794520547,15.025856164383562,14.867043378995431,0.1524162100456621,0.1886547945205479
Nevşehir,Türkiye,Barley,39.4046,33.4911,2023,12.444328767123288,19.14778082191781,6.476931506849315,63.8746301369863,1.1393150684931508,2.39186301369863,16.484383561643835,13.771369863013698,13.682796803652968,0.2287551369863013,0.2195293378995433
Nevşehir,Türkiye,Maize (corn),39.5013,33.6527,2023,12.444328767123288,19.14778082191781,6.476931506849315,63.8746301369863,1.1393150684931508,2.39186301369863,16.484383561643835,14.545513698630137,14.441974885844749,0.2371888127853881,0.2321753424657534
Nevşehir,Türkiye,Apples,38.9568,32.689,2023,12.97854794520548,19.83758904109589,6.965753424657534,61.83794520547945,1.0822739726027395,2.3231506849315067,16.922246575342466,14.202682648401826,14.134429223744291,0.2205278538812785,0.2132357305936073
Nevşehir,Türkiye,Olives,39.0911,32.8978,2023,13.130958904109589,19.480109589041096,7.414191780821918,62.181616438356166,1.0591506849315069,2.5146027397260275,16.431534246575342,12.821107305936073,12.726301369863014,0.231094406392694,0.2280231735159817
Nevşehir,Türkiye,Hazelnuts,39.4537,33.3193,2023,12.527561643835616,19.25435616438356,6.536109589041096,62.93142465753424,1.09813698630137,2.3795342465753424,16.484383561643835,14.954714611872149,14.844383561643836,0.2090797945205479,0.2052715753424657
Nevşehir,Türkiye,Watermelons,39.3552,32.9111,2023,12.527561643835616,19.25435616438356,6.536109589041096,62.93142465753424,1.09813698630137,2.3795342465753424,16.431534246575342,13.580159817351598,13.50175799086758,0.2251517123287671,0.218718607305936
Nevşehir,Türkiye,Walnuts,39.3354,32.898,2023,12.527561643835616,19.25435616438356,6.536109589041096,62.93142465753424,1.09813698630137,2.3795342465753424,16.431534246575342,14.22302511415525,14.117511415525112,0.2166033105022831,0.211383904109589
Nevşehir,Türkiye,Chick peas,38.7053,33.3204,2023,13.613260273972603,20.03090410958904,7.958630136986302,60.70690410958904,1.0001369863013698,2.457835616438356,17.456054794520547,9.590068493150683,9.6137899543379,0.0386300228310502,0.0704809360730593
Nevşehir,Türkiye,Lentils,38.8448,33.6596,2023,12.772465753424658,18.90438356164384,7.103890410958904,63.06167123287671,1.0873150684931507,2.587945205479452,17.456054794520547,13.689840182648402,13.6098401826484,0.2213504566210045,0.2109404109589041
Yozgat,Türkiye,Wheat,39.2779,33.0847,2023,12.527561643835616,19.25435616438356,6.536109589041096,62.93142465753424,1.09813698630137,2.3795342465753424,16.484383561643835,13.97906392694064,13.89958904109589,0.225111301369863,0.2157418949771689
Yozgat,Türkiye,Barley,39.4051,32.6878,2023,12.649534246575342,19.29791780821918,6.673095890410959,62.93049315068493,1.1573150684931508,2.3521369863013697,16.431534246575342,12.622716894977168,12.54054794520548,0.22775,0.2123133561643835
Yozgat,Türkiye,Maize (corn),38.8456,32.6364,2023,12.97854794520548,19.83758904109589,6.965753424657534,61.83794520547945,1.0822739726027395,2.3231506849315067,16.922246575342466,13.752579908675798,13.688367579908675,0.2206781963470319,0.2107833333333333
Yozgat,Türkiye,Apples,38.3723,33.1221,2023,13.613260273972603,20.03090410958904,7.958630136986302,60.70690410958904,1.0001369863013698,2.457835616438356,17.456054794520547,14.606449771689498,14.533607305936073,0.2173877853881278,0.2043111872146118
Yozgat,Türkiye,Olives,39.1182,32.4085,2023,12.97854794520548,19.83758904109589,6.965753424657534,61.83794520547945,1.0822739726027395,2.3231506849315067,16.431534246575342,15.322317351598173,15.24933789954338,0.2240981735159817,0.2062663242009132
Yozgat,Türkiye,Hazelnuts,39.0879,33.1989,2023,13.130958904109589,19.480109589041096,7.414191780821918,62.181616438356166,1.0591506849315069,2.5146027397260275,16.484383561643835,13.771906392694063,13.70966894977169,0.2224974885844748,0.2155729452054794
Yozgat,Türkiye,Watermelons,38.8844,32.5866,2023,12.97854794520548,19.83758904109589,6.965753424657534,61.83794520547945,1.0822739726027395,2.3231506849315067,16.922246575342466,13.46687214611872,13.398949771689498,0.2137220319634703,0.2033246575342465
Yozgat,Türkiye,Walnuts,39.3704,33.1455,2023,12.527561643835616,19.25435616438356,6.536109589041096,62.93142465753424,1.09813698630137,2.3795342465753424,16.484383561643835,14.95648401826484,14.723687214611871,0.143575,0.2140045662100456
Yozgat,Türkiye,Chick peas,38.6676,33.28,2023,13.613260273972603,20.03090410958904,7.958630136986302,60.70690410958904,1.0001369863013698,2.457835616438356,17.456054794520547,9.590068493150683,9.6137899543379,0.0386300228310502,0.0704809360730593
Yozgat,Türkiye,Lentils,38.704,33.1187,2023,13.613260273972603,20.03090410958904,7.958630136986302,60.70690410958904,1.0001369863013698,2.457835616438356,17.456054794520547,14.976050228310502,14.816038812785388,0.1524162100456621,0.1886547945205479
Zonguldak,Türkiye,Wheat,40.8124,38.101,2023,15.329780821917808,17.872876712328768,13.22649315068493,77.14901369863014,3.791972602739726,2.236328767123288,14.03482191780822,13.359566210045662,13.370079908675798,0.3512052511415525,0.3551126712328767
Zonguldak,Türkiye,Barley,41.3774,36.8471,2023,16.543041095890413,18.053150684931506,15.192109589041095,77.21361643835617,2.354876712328767,3.500383561643836,14.0713698630137,17.125833333333333,17.125810502283105,0.3084161164383556,0.3103958664383558
Zonguldak,Türkiye,Maize (corn),41.4484,37.5884,2023,16.577287671232877,17.474739726027398,15.75841095890411,79.16490410958905,2.3586027397260274,3.6404109589041096,13.882219178082192,17.24382420091324,17.24384703196347,0.2801033595890412,0.2802947328767125
Zonguldak,Türkiye,Apples,41.3365,36.8545,2023,16.543041095890413,18.053150684931506,15.192109589041095,77.21361643835617,2.354876712328767,3.500383561643836,14.0713698630137,16.3825,16.358550228310502,0.305756506849315,0.3093470319634703
Zonguldak,Türkiye,Olives,41.4471,37.0922,2023,16.543041095890413,18.053150684931506,15.192109589041095,77.21361643835617,2.354876712328767,3.500383561643836,13.882219178082192,17.232602739726026,17.232408675799086,0.3074244257990864,0.3077272579908676
Zonguldak,Türkiye,Hazelnuts,40.6036,37.1045,2023,11.438164383561643,17.93778082191781,6.028794520547946,71.96553424657534,1.850383561643836,1.872082191780822,14.183041095890411,8.917602739726027,8.86156392694064,0.3192719178082192,0.3284131278538812
Zonguldak,Türkiye,Watermelons,41.18,37.6166,2023,14.374493150684932,18.87767123287671,10.852383561643837,76.66498630136986,3.197260273972603,1.1682739726027398,13.882219178082192,17.21889269406393,17.218972602739726,0.2676021061643839,0.2661972659817354
Zonguldak,Türkiye,Walnuts,41.4236,37.2808,2023,16.577287671232877,17.474739726027398,15.75841095890411,79.16490410958905,2.3586027397260274,3.6404109589041096,13.882219178082192,17.26269406392694,17.262602739726027,0.3054388984018264,0.3039948675799087
Zonguldak,Türkiye,Chick peas,41.0024,38.1446,2023,15.329780821917808,17.872876712328768,13.22649315068493,77.14901369863014,3.791972602739726,2.236328767123288,13.750712328767124,17.17648401826484,17.176461187214613,0.3267701152968038,0.3186021815068497
Zonguldak,Türkiye,Lentils,41.0264,37.7011,2023,14.374493150684932,18.87767123287671,10.852383561643837,76.66498630136986,3.197260273972603,1.1682739726027398,13.882219178082192,14.59826484018265,14.58816210045662,0.3143141552511415,0.3064606164383561
Bartın,Türkiye,Wheat,40.7526,37.1475,2023,13.143232876712329,18.417013698630136,9.053945205479453,76.68734246575343,2.3891232876712327,1.0531780821917809,14.183041095890411,9.277796803652969,9.236700913242007,0.3671784246575342,0.3679805936073059
Bartın,Türkiye,Barley,41.6136,38.0382,2023,16.697698630136987,17.54972602739726,15.879123287671232,78.98616438356164,2.096,3.6305753424657534,13.750712328767124,17.315490867579907,17.315559360730592,0.2849543173515981,0.2708876963470317
Bartın,Türkiye,Maize (corn),40.3268,36.8993,2023,11.438164383561643,17.93778082191781,6.028794520547946,71.96553424657534,1.850383561643836,1.872082191780822,14.747232876712328,11.43013698630137,11.37662100456621,0.3056404109589041,0.3053333333333333
Bartın,Türkiye,Apples,40.7452,37.3483,2023,8.61668493150685,14.502849315068492,3.610602739726027,79.79767123287671,2.708109589041096,1.710767123287671,14.183041095890411,9.086312785388127,9.04384703196347,0.3742681506849315,0.3756469178082192
Bartın,Türkiye,Olives,41.2365,37.8155,2023,15.329780821917808,17.872876712328768,13.22649315068493,77.14901369863014,3.791972602739726,2.236328767123288,13.882219178082192,17.15263698630137,17.152545662100458,0.2870737636986302,0.2816643630136989
Bartın,Türkiye,Hazelnuts,41.0666,37.5641,2023,14.374493150684932,18.87767123287671,10.852383561643837,76.66498630136986,3.197260273972603,1.1682739726027398,13.882219178082192,17.234600456621006,17.17714611872146,0.259806506849315,0.2606824200913242
Bartın,Türkiye,Watermelons,40.3398,38.1922,2023,7.238383561643835,12.665287671232877,2.589671232876712,81.7725205479452,2.9306301369863013,1.977808219178082,14.03482191780822,12.755456621004566,12.671883561643837,0.239288698630137,0.2217017123287671
Bartın,Türkiye,Walnuts,40.4747,37.7685,2023,8.61668493150685,14.502849315068492,3.610602739726027,79.79767123287671,2.708109589041096,1.710767123287671,14.183041095890411,9.106335616438356,9.0425,0.3219108447488584,0.320650799086758
Bartın,Türkiye,Chick peas,41.042,37.7967,2023,14.374493150684932,18.87767123287671,10.852383561643837,76.66498630136986,3.197260273972603,1.1682739726027398,13.882219178082192,16.147876712328767,16.142180365296802,0.3026426940639269,0.2956300228310502
Bartın,Türkiye,Lentils,41.6915,37.1868,2023,16.543041095890413,18.053150684931506,15.192109589041095,77.21361643835617,2.354876712328767,3.500383561643836,13.882219178082192,17.163675799086757,17.163470319634705,0.305928480593607,0.303735093607306
Karabük,Türkiye,Wheat,41.0071,37.3465,2023,14.374493150684932,18.87767123287671,10.852383561643837,76.66498630136986,3.197260273972603,1.1682739726027398,13.882219178082192,13.546860730593608,13.55867579908676,0.3264447488584475,0.3174813926940639
Karabük,Türkiye,Barley,41.2187,37.2485,2023,14.374493150684932,18.87767123287671,10.852383561643837,76.66498630136986,3.197260273972603,1.1682739726027398,13.882219178082192,17.111152968036528,17.1112100456621,0.3043483812785392,0.2965526461187218
Karabük,Türkiye,Maize (corn),40.9157,36.8126,2023,13.143232876712329,18.417013698630136,9.053945205479453,76.68734246575343,2.3891232876712327,1.0531780821917809,14.747232876712328,10.815913242009133,10.78478310502283,0.3478208904109589,0.351810502283105
Karabük,Türkiye,Apples,41.6533,37.5174,2023,16.577287671232877,17.474739726027398,15.75841095890411,79.16490410958905,2.3586027397260274,3.6404109589041096,13.882219178082192,17.28115296803653,17.281187214611872,0.2802246655251142,0.2793791689497719
Karabük,Türkiye,Olives,41.1453,37.1851,2023,13.143232876712329,18.417013698630136,9.053945205479453,76.68734246575343,2.3891232876712327,1.0531780821917809,13.882219178082192,15.47162100456621,15.486415525114156,0.3073697488584475,0.2963231735159817
Karabük,Türkiye,Hazelnuts,41.0952,37.8564,2023,15.329780821917808,17.872876712328768,13.22649315068493,77.14901369863014,3.791972602739726,2.236328767123288,13.882219178082192,17.38763698630137,17.387716894977167,0.2868938550228311,0.2824000456621008
Karabük,Türkiye,Watermelons,41.2416,37.1972,2023,14.374493150684932,18.87767123287671,10.852383561643837,76.66498630136986,3.197260273972603,1.1682739726027398,13.882219178082192,17.111152968036528,17.1112100456621,0.3042584668949775,0.2970229452054798
Karabük,Türkiye,Walnuts,40.6015,37.3602,2023,8.61668493150685,14.502849315068492,3.610602739726027,79.79767123287671,2.708109589041096,1.710767123287671,14.183041095890411,9.268847031963473,9.220787671232875,0.3692495433789954,0.3705835616438356
Karabük,Türkiye,Chick peas,40.5,37.9578,2023,7.238383561643835,12.665287671232877,2.589671232876712,81.7725205479452,2.9306301369863013,1.977808219178082,14.183041095890411,6.835719178082192,6.774486301369863,0.3222188356164384,0.3227913242009132
Karabük,Türkiye,Lentils,41.4415,37.5384,2023,16.577287671232877,17.474739726027398,15.75841095890411,79.16490410958905,2.3586027397260274,3.6404109589041096,13.882219178082192,17.176369863013697,17.176198630136987,0.2795582831050229,0.2793791689497719
Kastamonu,Türkiye,Wheat,41.6494,36.9484,2023,16.543041095890413,18.053150684931506,15.192109589041095,77.21361643835617,2.354876712328767,3.500383561643836,14.0713698630137,17.244486301369864,17.24447488584475,0.3098062682648396,0.3112685719178079
Kastamonu,Türkiye,Barley,40.6958,37.1131,2023,11.438164383561643,17.93778082191781,6.028794520547946,71.96553424657534,1.850383561643836,1.872082191780822,14.183041095890411,12.053675799086758,11.995102739726027,0.2298843607305936,0.2117506849315068
Kastamonu,Türkiye,Maize (corn),41.3155,38.1936,2023,16.697698630136987,17.54972602739726,15.879123287671232,78.98616438356164,2.096,3.6305753424657534,13.750712328767124,17.325410958904108,17.32538812785388,0.2842896392694063,0.2708876963470317
Kastamonu,Türkiye,Apples,41.5905,37.267,2023,16.577287671232877,17.474739726027398,15.75841095890411,79.16490410958905,2.3586027397260274,3.6404109589041096,13.882219178082192,17.22353881278539,17.22351598173516,0.3054388984018264,0.3039948675799087
Kastamonu,Türkiye,Olives,41.3716,37.3645,2023,16.577287671232877,17.474739726027398,15.75841095890411,79.16490410958905,2.3586027397260274,3.6404109589041096,13.882219178082192,17.159166666666668,17.159166666666668,0.3049246278538812,0.3041362260273973
Kastamonu,Türkiye,Hazelnuts,41.5581,37.7,2023,16.577287671232877,17.474739726027398,15.75841095890411,79.16490410958905,2.3586027397260274,3.6404109589041096,13.882219178082192,17.18714611872146,17.18719178082192,0.290159383561644,0.2861544497716898
Kastamonu,Türkiye,Watermelons,40.3945,37.5939,2023,8.61668493150685,14.502849315068492,3.610602739726027,79.79767123287671,2.708109589041096,1.710767123287671,14.183041095890411,6.519885844748859,6.459634703196347,0.2758793378995434,0.2638781963470319
Kastamonu,Türkiye,Walnuts,40.8428,37.0603,2023,13.143232876712329,18.417013698630136,9.053945205479453,76.68734246575343,2.3891232876712327,1.0531780821917809,14.183041095890411,9.277796803652969,9.236700913242007,0.3671784246575342,0.3679805936073059
Kastamonu,Türkiye,Chick peas,41.1841,38.1582,2023,15.329780821917808,17.872876712328768,13.22649315068493,77.14901369863014,3.791972602739726,2.236328767123288,13.750712328767124,17.24285388127854,17.24288812785388,0.288530640410959,0.2828540159817355
Kastamonu,Türkiye,Lentils,41.075,36.8129,2023,13.143232876712329,18.417013698630136,9.053945205479453,76.68734246575343,2.3891232876712327,1.0531780821917809,14.0713698630137,15.696860730593608,15.705753424657534,0.3235143835616438,0.3327317351598173
Sinop,Türkiye,Wheat,41.1456,37.3009,2023,14.374493150684932,18.87767123287671,10.852383561643837,76.66498630136986,3.197260273972603,1.1682739726027398,13.882219178082192,16.047865296803653,16.048093607305937,0.3071404109589041,0.2988559360730594
Sinop,Türkiye,Barley,41.0681,37.6022,2023,14.374493150684932,18.87767123287671,10.852383561643837,76.66498630136986,3.197260273972603,1.1682739726027398,13.882219178082192,17.234600456621006,17.17714611872146,0.259806506849315,0.2606824200913242
Sinop,Türkiye,Maize (corn),40.3804,37.0571,2023,11.438164383561643,17.93778082191781,6.028794520547946,71.96553424657534,1.850383561643836,1.872082191780822,14.183041095890411,9.100513698630136,9.060833333333331,0.3155303652968036,0.3105424657534246
Sinop,Türkiye,Apples,40.8306,36.9582,2023,13.143232876712329,18.417013698630136,9.053945205479453,76.68734246575343,2.3891232876712327,1.0531780821917809,14.747232876712328,9.53329908675799,9.490639269406392,0.3620592465753424,0.3625836757990867
Sinop,Türkiye,Olives,41.556,38.0128,2023,16.697698630136987,17.54972602739726,15.879123287671232,78.98616438356164,2.096,3.6305753424657534,13.750712328767124,17.315490867579907,17.315559360730592,0.2849543173515981,0.2708876963470317
Sinop,Türkiye,Hazelnuts,40.9571,36.9421,2023,13.143232876712329,18.417013698630136,9.053945205479453,76.68734246575343,2.3891232876712327,1.0531780821917809,14.747232876712328,11.700479452054797,11.712591324200911,0.3448969178082192,0.3514894977168949
Sinop,Türkiye,Watermelons,41.0523,37.0362,2023,13.143232876712329,18.417013698630136,9.053945205479453,76.68734246575343,2.3891232876712327,1.0531780821917809,13.882219178082192,14.188869863013698,14.21882420091324,0.3327418949771689,0.3298527397260274
Sinop,Türkiye,Walnuts,41.1416,37.9402,2023,15.329780821917808,17.872876712328768,13.22649315068493,77.14901369863014,3.791972602739726,2.236328767123288,13.882219178082192,17.38763698630137,17.387716894977167,0.2870737636986302,0.2816643630136989
Sinop,Türkiye,Chick peas,41.5203,36.9256,2023,16.543041095890413,18.053150684931506,15.192109589041095,77.21361643835617,2.354876712328767,3.500383561643836,14.0713698630137,17.137796803652968,17.137762557077625,0.3104458059360725,0.3110635148401823
Sinop,Türkiye,Lentils,41.0149,37.0305,2023,13.143232876712329,18.417013698630136,9.053945205479453,76.68734246575343,2.3891232876712327,1.0531780821917809,13.882219178082192,13.550068493150684,13.562271689497717,0.3448969178082192,0.3514894977168949
Samsun,Türkiye,Wheat,41.4301,36.8237,2023,16.543041095890413,18.053150684931506,15.192109589041095,77.21361643835617,2.354876712328767,3.500383561643836,14.0713698630137,17.125833333333333,17.125810502283105,0.3091567933789949,0.3107419680365294
Samsun,Türkiye,Barley,41.4011,37.6417,2023,16.577287671232877,17.474739726027398,15.75841095890411,79.16490410958905,2.3586027397260274,3.6404109589041096,13.882219178082192,17.24382420091324,17.24384703196347,0.2829069600456622,0.2811019908675801
Samsun,Türkiye,Maize (corn),41.4911,37.6851,2023,16.577287671232877,17.474739726027398,15.75841095890411,79.16490410958905,2.3586027397260274,3.6404109589041096,13.882219178082192,17.26101598173516,17.261038812785387,0.2893026598173517,0.2844070696347034
Samsun,Türkiye,Apples,40.3543,37.1123,2023,11.438164383561643,17.93778082191781,6.028794520547946,71.96553424657534,1.850383561643836,1.872082191780822,14.183041095890411,9.100513698630136,9.060833333333331,0.3155303652968036,0.3105424657534246
Samsun,Türkiye,Olives,40.7555,37.6284,2023,14.374493150684932,18.87767123287671,10.852383561643837,76.66498630136986,3.197260273972603,1.1682739726027398,14.183041095890411,10.004200913242007,10.004269406392694,0.3552305936073059,0.3596433789954338
Samsun,Türkiye,Hazelnuts,41.1601,37.1824,2023,13.143232876712329,18.417013698630136,9.053945205479453,76.68734246575343,2.3891232876712327,1.0531780821917809,13.882219178082192,17.111152968036528,17.1112100456621,0.3130699497716898,0.3063809794520553
Samsun,Türkiye,Watermelons,40.8131,37.6201,2023,14.374493150684932,18.87767123287671,10.852383561643837,76.66498630136986,3.197260273972603,1.1682739726027398,14.183041095890411,10.004200913242007,10.004269406392694,0.3552305936073059,0.3596433789954338
Samsun,Türkiye,Walnuts,40.9254,36.9535,2023,13.143232876712329,18.417013698630136,9.053945205479453,76.68734246575343,2.3891232876712327,1.0531780821917809,14.747232876712328,12.375331050228311,12.356609589041096,0.3607745433789954,0.3674107305936073
Samsun,Türkiye,Chick peas,41.6995,37.1901,2023,16.577287671232877,17.474739726027398,15.75841095890411,79.16490410958905,2.3586027397260274,3.6404109589041096,13.882219178082192,17.163675799086757,17.163470319634705,0.3054595388127852,0.303741591324201
Samsun,Türkiye,Lentils,41.5104,36.9788,2023,16.543041095890413,18.053150684931506,15.192109589041095,77.21361643835617,2.354876712328767,3.500383561643836,14.0713698630137,17.137796803652968,17.137762557077625,0.3101683972602734,0.3119628550228308
Ordu,Türkiye,Wheat,41.5599,37.7697,2023,16.577287671232877,17.474739726027398,15.75841095890411,79.16490410958905,2.3586027397260274,3.6404109589041096,13.882219178082192,17.22439497716895,17.22422374429224,0.2893038847031964,0.285870168949772
Ordu,Türkiye,Barley,40.7241,38.1132,2023,7.238383561643835,12.665287671232877,2.589671232876712,81.7725205479452,2.9306301369863013,1.977808219178082,14.03482191780822,11.259372146118722,11.203801369863012,0.3712155251141552,0.3722157534246575
Ordu,Türkiye,Maize (corn),41.2553,38.1589,2023,16.697698630136987,17.54972602739726,15.879123287671232,78.98616438356164,2.096,3.6305753424657534,13.750712328767124,17.325410958904108,17.32538812785388,0.2849543173515981,0.2708876963470317
Ordu,Türkiye,Apples,41.3305,37.4807,2023,16.577287671232877,17.474739726027398,15.75841095890411,79.16490410958905,2.3586027397260274,3.6404109589041096,13.882219178082192,17.160639269406392,17.160753424657536,0.2812437157534248,0.280717334474886
Ordu,Türkiye,Olives,40.4986,36.9644,2023,11.438164383561643,17.93778082191781,6.028794520547946,71.96553424657534,1.850383561643836,1.872082191780822,14.747232876712328,14.876255707762557,14.862682648401826,0.2523771689497717,0.220935502283105
Ordu,Türkiye,Hazelnuts,40.351,37.5599,2023,8.61668493150685,14.502849315068492,3.610602739726027,79.79767123287671,2.708109589041096,1.710767123287671,14.183041095890411,6.519885844748859,6.459634703196347,0.2758793378995434,0.2638781963470319
Ordu,Türkiye,Watermelons,41.6049,37.3553,2023,16.577287671232877,17.474739726027398,15.75841095890411,79.16490410958905,2.3586027397260274,3.6404109589041096,13.882219178082192,17.22046803652968,17.22041095890411,0.3049246278538812,0.3042733961187215
Ordu,Türkiye,Walnuts,41.4274,38.142,2023,16.697698630136987,17.54972602739726,15.879123287671232,78.98616438356164,2.096,3.6305753424657534,13.750712328767124,17.240913242009132,17.241004566210044,0.2849543173515981,0.2708876963470317
Ordu,Türkiye,Chick peas,40.5341,37.8519,2023,7.238383561643835,12.665287671232877,2.589671232876712,81.7725205479452,2.9306301369863013,1.977808219178082,14.183041095890411,8.906335616438357,8.8425,0.3219108447488584,0.320650799086758
Ordu,Türkiye,Lentils,40.7606,37.3534,2023,14.374493150684932,18.87767123287671,10.852383561643837,76.66498630136986,3.197260273972603,1.1682739726027398,14.183041095890411,12.807157534246576,12.802762557077626,0.3487681506849315,0.3525057077625571
Giresun,Türkiye,Wheat,40.5484,37.8583,2023,7.238383561643835,12.665287671232877,2.589671232876712,81.7725205479452,2.9306301369863013,1.977808219178082,14.183041095890411,8.906335616438357,8.8425,0.3219108447488584,0.320650799086758
Giresun,Türkiye,Barley,40.9038,36.8032,2023,13.143232876712329,18.417013698630136,9.053945205479453,76.68734246575343,2.3891232876712327,1.0531780821917809,14.747232876712328,10.815913242009133,10.78478310502283,0.3478208904109589,0.351810502283105
Giresun,Türkiye,Maize (corn),41.3112,37.759,2023,16.577287671232877,17.474739726027398,15.75841095890411,79.16490410958905,2.3586027397260274,3.6404109589041096,13.882219178082192,17.22335616438356,17.223458904109588,0.2893038847031964,0.285870168949772
Giresun,Türkiye,Apples,41.296,37.2237,2023,16.577287671232877,17.474739726027398,15.75841095890411,79.16490410958905,2.3586027397260274,3.6404109589041096,13.882219178082192,17.35988584474886,17.360022831050227,0.3054595388127852,0.303741591324201
Giresun,Türkiye,Olives,41.5817,37.974,2023,16.697698630136987,17.54972602739726,15.879123287671232,78.98616438356164,2.096,3.6305753424657534,13.882219178082192,17.315490867579907,17.315559360730592,0.2849543173515981,0.2702928698630135
Giresun,Türkiye,Hazelnuts,41.1694,37.5523,2023,14.374493150684932,18.87767123287671,10.852383561643837,76.66498630136986,3.197260273972603,1.1682739726027398,13.882219178082192,17.21889269406393,17.218972602739726,0.2664383264840186,0.2655002157534248
Giresun,Türkiye,Watermelons,41.2505,37.8558,2023,16.697698630136987,17.54972602739726,15.879123287671232,78.98616438356164,2.096,3.6305753424657534,13.882219178082192,17.31367579908676,17.313767123287672,0.2849543173515981,0.2702928698630135
Giresun,Türkiye,Walnuts,40.3962,37.684,2023,8.61668493150685,14.502849315068492,3.610602739726027,79.79767123287671,2.708109589041096,1.710767123287671,14.183041095890411,10.815057077625571,10.75541095890411,0.2670890410958904,0.2696877853881279
Giresun,Türkiye,Chick peas,41.2229,37.6774,2023,14.374493150684932,18.87767123287671,10.852383561643837,76.66498630136986,3.197260273972603,1.1682739726027398,13.882219178082192,17.21889269406393,17.218972602739726,0.2762848333333336,0.2707428264840185
Giresun,Türkiye,Lentils,40.4758,37.5156,2023,8.61668493150685,14.502849315068492,3.610602739726027,79.79767123287671,2.708109589041096,1.710767123287671,14.183041095890411,8.246461187214612,8.195913242009132,0.3579705479452055,0.3581292237442922
Trabzon,Türkiye,Wheat,41.6064,37.1906,2023,16.577287671232877,17.474739726027398,15.75841095890411,79.16490410958905,2.3586027397260274,3.6404109589041096,13.882219178082192,17.2586301369863,17.25867579908676,0.3054595388127852,0.303741591324201
Trabzon,Türkiye,Barley,40.8174,37.4409,2023,14.374493150684932,18.87767123287671,10.852383561643837,76.66498630136986,3.197260273972603,1.1682739726027398,14.183041095890411,12.807157534246576,12.802762557077626,0.3487681506849315,0.3525057077625571
Trabzon,Türkiye,Maize (corn),41.4022,38.0527,2023,16.697698630136987,17.54972602739726,15.879123287671232,78.98616438356164,2.096,3.6305753424657534,13.750712328767124,17.240913242009132,17.241004566210044,0.2849543173515981,0.2708876963470317
Trabzon,Türkiye,Apples,41.129,37.2256,2023,14.374493150684932,18.87767123287671,10.852383561643837,76.66498630136986,3.197260273972603,1.1682739726027398,13.882219178082192,15.47162100456621,15.486415525114156,0.3073697488584475,0.2963231735159817
Trabzon,Türkiye,Olives,40.4165,37.7432,2023,8.61668493150685,14.502849315068492,3.610602739726027,79.79767123287671,2.708109589041096,1.710767123287671,14.183041095890411,10.815057077625571,10.75541095890411,0.2670890410958904,0.2696877853881279
Trabzon,Türkiye,Hazelnuts,41.556,37.9907,2023,16.697698630136987,17.54972602739726,15.879123287671232,78.98616438356164,2.096,3.6305753424657534,13.882219178082192,17.315490867579907,17.315559360730592,0.2849543173515981,0.2702928698630135
Trabzon,Türkiye,Watermelons,40.5891,38.0267,2023,7.238383561643835,12.665287671232877,2.589671232876712,81.7725205479452,2.9306301369863013,1.977808219178082,14.03482191780822,7.361004566210045,7.295821917808219,0.3344194063926941,0.3395880136986301
Trabzon,Türkiye,Walnuts,40.5128,37.0807,2023,11.438164383561643,17.93778082191781,6.028794520547946,71.96553424657534,1.850383561643836,1.872082191780822,14.183041095890411,9.602431506849316,9.547351598173517,0.2994405251141552,0.3005902968036529
Trabzon,Türkiye,Chick peas,41.3251,37.6692,2023,16.577287671232877,17.474739726027398,15.75841095890411,79.16490410958905,2.3586027397260274,3.6404109589041096,13.882219178082192,17.180376712328766,17.180376712328766,0.2884459360730595,0.2833586415525116
Trabzon,Türkiye,Lentils,40.7649,36.8212,2023,13.143232876712329,18.417013698630136,9.053945205479453,76.68734246575343,2.3891232876712327,1.0531780821917809,14.747232876712328,12.490844748858448,12.449965753424658,0.2548503424657534,0.249571803652968
Rize,Türkiye,Wheat,40.3771,36.976,2023,11.438164383561643,17.93778082191781,6.028794520547946,71.96553424657534,1.850383561643836,1.872082191780822,14.747232876712328,11.119611872146118,11.077819634703197,0.315313698630137,0.3111764840182648
Rize,Türkiye,Barley,41.4992,37.8995,2023,16.697698630136987,17.54972602739726,15.879123287671232,78.98616438356164,2.096,3.6305753424657534,13.882219178082192,17.315034246575344,17.315068493150687,0.2849543173515981,0.2702928698630135
Rize,Türkiye,Maize (corn),41.6269,37.8758,2023,16.697698630136987,17.54972602739726,15.879123287671232,78.98616438356164,2.096,3.6305753424657534,13.882219178082192,17.295479452054796,17.295536529680366,0.2849543173515981,0.2702928698630135
Rize,Türkiye,Apples,41.0713,36.8826,2023,13.143232876712329,18.417013698630136,9.053945205479453,76.68734246575343,2.3891232876712327,1.0531780821917809,14.0713698630137,15.375319634703196,15.39527397260274,0.3195074200913242,0.3162098173515982
Rize,Türkiye,Olives,40.3961,38.1131,2023,7.238383561643835,12.665287671232877,2.589671232876712,81.7725205479452,2.9306301369863013,1.977808219178082,14.03482191780822,7.573527397260274,7.45675799086758,0.2924974885844749,0.2945118721461187
Rize,Türkiye,Hazelnuts,40.3989,37.0768,2023,11.438164383561643,17.93778082191781,6.028794520547946,71.96553424657534,1.850383561643836,1.872082191780822,14.183041095890411,9.100513698630136,9.060833333333331,0.3155303652968036,0.3105424657534246
Rize,Türkiye,Watermelons,40.4879,38.0381,2023,7.238383561643835,12.665287671232877,2.589671232876712,81.7725205479452,2.9306301369863013,1.977808219178082,14.03482191780822,6.835719178082192,6.774486301369863,0.3222188356164384,0.3227913242009132
Rize,Türkiye,Walnuts,40.7577,37.7471,2023,14.374493150684932,18.87767123287671,10.852383561643837,76.66498630136986,3.197260273972603,1.1682739726027398,14.183041095890411,13.191495433789957,13.194691780821918,0.3581188356164383,0.3584511415525114
Rize,Türkiye,Chick peas,41.0149,38.106,2023,15.329780821917808,17.872876712328768,13.22649315068493,77.14901369863014,3.791972602739726,2.236328767123288,13.750712328767124,17.17648401826484,17.176461187214613,0.325750673515982,0.3177516746575347
Rize,Türkiye,Lentils,41.176,38.1956,2023,15.329780821917808,17.872876712328768,13.22649315068493,77.14901369863014,3.791972602739726,2.236328767123288,13.750712328767124,17.24285388127854,17.24288812785388,0.2870583824200914,0.2824642089041099
Artvin,Türkiye,Wheat,40.8632,37.0273,2023,13.143232876712329,18.417013698630136,9.053945205479453,76.68734246575343,2.3891232876712327,1.0531780821917809,14.183041095890411,12.375331050228311,12.356609589041096,0.3607745433789954,0.3674107305936073
Artvin,Türkiye,Barley,41.3794,36.8671,2023,16.543041095890413,18.053150684931506,15.192109589041095,77.21361643835617,2.354876712328767,3.500383561643836,14.0713698630137,17.125833333333333,17.125810502283105,0.308295907534246,0.3095697705479449
Artvin,Türkiye,Maize (corn),41.692,37.8496,2023,16.697698630136987,17.54972602739726,15.879123287671232,78.98616438356164,2.096,3.6305753424657534,13.882219178082192,17.21159817351598,17.21179223744292,0.2849543173515981,0.2702928698630135
Artvin,Türkiye,Apples,41.4442,36.9714,2023,16.543041095890413,18.053150684931506,15.192109589041095,77.21361643835617,2.354876712328767,3.500383561643836,14.0713698630137,17.107054794520547,17.10703196347032,0.3101683972602734,0.3119628550228308
Artvin,Türkiye,Olives,40.544,37.6459,2023,8.61668493150685,14.502849315068492,3.610602739726027,79.79767123287671,2.708109589041096,1.710767123287671,14.183041095890411,7.139075342465754,7.088401826484018,0.3691958904109589,0.3708771689497717
Artvin,Türkiye,Hazelnuts,41.0682,37.2964,2023,14.374493150684932,18.87767123287671,10.852383561643837,76.66498630136986,3.197260273972603,1.1682739726027398,13.882219178082192,16.047865296803653,16.048093607305937,0.3071404109589041,0.2988559360730594
Artvin,Türkiye,Watermelons,41.1352,37.4484,2023,14.374493150684932,18.87767123287671,10.852383561643837,76.66498630136986,3.197260273972603,1.1682739726027398,13.882219178082192,17.234600456621006,17.17714611872146,0.259806506849315,0.2606824200913242
Artvin,Türkiye,Walnuts,41.5598,37.6101,2023,16.577287671232877,17.474739726027398,15.75841095890411,79.16490410958905,2.3586027397260274,3.6404109589041096,13.882219178082192,17.18714611872146,17.18719178082192,0.2805317214611874,0.2802947328767125
Artvin,Türkiye,Chick peas,41.1896,37.4173,2023,14.374493150684932,18.87767123287671,10.852383561643837,76.66498630136986,3.197260273972603,1.1682739726027398,13.882219178082192,17.19691780821918,17.196906392694064,0.2899306997716898,0.2893796061643839
Artvin,Türkiye,Lentils,40.3069,37.1619,2023,11.438164383561643,17.93778082191781,6.028794520547946,71.96553424657534,1.850383561643836,1.872082191780822,14.183041095890411,11.257568493150686,11.205570776255708,0.3173149543378995,0.320038698630137
Bolu,Türkiye,Wheat,41.6972,37.8691,2023,16.697698630136987,17.54972602739726,15.879123287671232,78.98616438356164,2.096,3.6305753424657534,13.882219178082192,17.20941780821918,17.20942922374429,0.2849543173515981,0.2702928698630135
Bolu,Türkiye,Barley,41.0212,37.8712,2023,15.329780821917808,17.872876712328768,13.22649315068493,77.14901369863014,3.791972602739726,2.236328767123288,13.882219178082192,17.147876712328767,17.142180365296802,0.3026426940639269,0.2956300228310502
Bolu,Türkiye,Maize (corn),40.6222,37.0078,2023,11.438164383561643,17.93778082191781,6.028794520547946,71.96553424657534,1.850383561643836,1.872082191780822,14.183041095890411,13.472933789954338,13.413344748858448,0.2418027397260274,0.2277537671232876
Bolu,Türkiye,Apples,41.57,37.7042,2023,16.577287671232877,17.474739726027398,15.75841095890411,79.16490410958905,2.3586027397260274,3.6404109589041096,13.882219178082192,17.18714611872146,17.18719178082192,0.290159383561644,0.28581222260274
Bolu,Türkiye,Olives,41.0271,37.3237,2023,14.374493150684932,18.87767123287671,10.852383561643837,76.66498630136986,3.197260273972603,1.1682739726027398,13.882219178082192,13.546860730593608,13.55867579908676,0.3264447488584475,0.3174813926940639
Bolu,Türkiye,Hazelnuts,40.6243,37.1241,2023,11.438164383561643,17.93778082191781,6.028794520547946,71.96553424657534,1.850383561643836,1.872082191780822,14.183041095890411,8.917602739726027,8.86156392694064,0.3192719178082192,0.3284131278538812
Bolu,Türkiye,Watermelons,40.9575,37.7555,2023,14.374493150684932,18.87767123287671,10.852383561643837,76.66498630136986,3.197260273972603,1.1682739726027398,14.183041095890411,16.147876712328767,16.142180365296802,0.3026426940639269,0.2956300228310502
Bolu,Türkiye,Walnuts,41.0883,38.1528,2023,15.329780821917808,17.872876712328768,13.22649315068493,77.14901369863014,3.791972602739726,2.236328767123288,13.750712328767124,17.391769406392694,17.391849315068495,0.2896358173515982,0.2849876027397264
Bolu,Türkiye,Chick peas,40.642,37.7421,2023,8.61668493150685,14.502849315068492,3.610602739726027,79.79767123287671,2.708109589041096,1.710767123287671,14.183041095890411,10.279977168949772,10.237134703196348,0.3599382420091324,0.363818607305936
Bolu,Türkiye,Lentils,40.3549,37.7183,2023,8.61668493150685,14.502849315068492,3.610602739726027,79.79767123287671,2.708109589041096,1.710767123287671,14.183041095890411,10.815057077625571,10.75541095890411,0.2670890410958904,0.2696877853881279
Düzce,Türkiye,Wheat,41.0301,37.3892,2023,14.374493150684932,18.87767123287671,10.852383561643837,76.66498630136986,3.197260273972603,1.1682739726027398,13.882219178082192,14.596449771689498,14.609486301369865,0.3264447488584475,0.3174813926940639
Düzce,Türkiye,Barley,41.5597,37.4901,2023,16.577287671232877,17.474739726027398,15.75841095890411,79.16490410958905,2.3586027397260274,3.6404109589041096,13.882219178082192,17.21518378995435,17.218012785388115,0.2812437157534248,0.280717334474886
Düzce,Türkiye,Maize (corn),40.5145,37.441,2023,8.61668493150685,14.502849315068492,3.610602739726027,79.79767123287671,2.708109589041096,1.710767123287671,14.183041095890411,8.464851712328777,8.37573219178083,0.3599731723744291,0.3600804326484019
Düzce,Türkiye,Apples,41.0142,36.9768,2023,13.143232876712329,18.417013698630136,9.053945205479453,76.68734246575343,2.3891232876712327,1.0531780821917809,14.0713698630137,13.550068493150684,13.562271689497717,0.3448969178082192,0.3514894977168949
Düzce,Türkiye,Olives,40.5382,37.5685,2023,8.61668493150685,14.502849315068492,3.610602739726027,79.79767123287671,2.708109589041096,1.710767123287671,14.183041095890411,7.139075342465754,7.088401826484018,0.3691958904109589,0.3708771689497717
Düzce,Türkiye,Hazelnuts,40.7464,37.1083,2023,11.438164383561643,17.93778082191781,6.028794520547946,71.96553424657534,1.850383561643836,1.872082191780822,14.183041095890411,12.053675799086758,11.995102739726027,0.2298843607305936,0.2117506849315068
Düzce,Türkiye,Watermelons,40.3987,36.9109,2023,11.438164383561643,17.93778082191781,6.028794520547946,71.96553424657534,1.850383561643836,1.872082191780822,14.747232876712328,11.649715182648409,11.617080821917822,0.3008525582191784,0.2944230285388128
Düzce,Türkiye,Walnuts,40.8631,37.1657,2023,13.143232876712329,18.417013698630136,9.053945205479453,76.68734246575343,2.3891232876712327,1.0531780821917809,14.183041095890411,10.459382762557082,10.434752511415525,0.3613600547945205,0.3660932465753426
Düzce,Türkiye,Chick peas,40.5025,36.9913,2023,11.438164383561643,17.93778082191781,6.028794520547946,71.96553424657534,1.850383561643836,1.872082191780822,14.747232876712328,14.876255707762557,14.862682648401826,0.2523771689497717,0.220935502283105
Düzce,Türkiye,Lentils,40.7993,37.2245,2023,14.374493150684932,18.87767123287671,10.852383561643837,76.66498630136986,3.197260273972603,1.1682739726027398,14.183041095890411,12.15002465753424,12.09639429223744,0.3453364018264843,0.3523814109589041
Tokat,Türkiye,Wheat,41.5336,37.8056,2023,16.577287671232877,17.474739726027398,15.75841095890411,79.16490410958905,2.3586027397260274,3.6404109589041096,13.882219178082192,17.21024783105024,17.209718607305916,0.2893038847031964,0.2857618630136989
Tokat,Türkiye,Barley,41.468,37.1314,2023,16.543041095890413,18.053150684931506,15.192109589041095,77.21361643835617,2.354876712328767,3.500383561643836,13.882219178082192,17.228848630136966,17.23036426940636,0.305928480593607,0.303735093607306
Tokat,Türkiye,Maize (corn),41.251,37.8038,2023,16.577287671232877,17.474739726027398,15.75841095890411,79.16490410958905,2.3586027397260274,3.6404109589041096,13.882219178082192,17.22335616438356,17.223458904109588,0.2893038847031964,0.2857618630136989
Tokat,Türkiye,Apples,41.2595,37.6613,2023,16.577287671232877,17.474739726027398,15.75841095890411,79.16490410958905,2.3586027397260274,3.6404109589041096,13.882219178082192,17.180376712328766,17.180376712328766,0.2880075810502285,0.2833586415525116
Tokat,Türkiye,Olives,40.7993,38.1263,2023,15.329780821917808,17.872876712328768,13.22649315068493,77.14901369863014,3.791972602739726,2.236328767123288,14.03482191780822,13.359566210045662,13.370079908675798,0.3512052511415525,0.3551126712328767
Tokat,Türkiye,Hazelnuts,40.688,37.7284,2023,8.61668493150685,14.502849315068492,3.610602739726027,79.79767123287671,2.708109589041096,1.710767123287671,14.183041095890411,10.17503984018266,10.161436643835629,0.3588921289954341,0.3635109600456623
Tokat,Türkiye,Watermelons,41.5893,37.847,2023,16.697698630136987,17.54972602739726,15.879123287671232,78.98616438356164,2.096,3.6305753424657534,13.882219178082192,17.22439497716895,17.22422374429224,0.2849543173515981,0.2702928698630135
Tokat,Türkiye,Walnuts,41.6027,36.9869,2023,16.543041095890413,18.053150684931506,15.192109589041095,77.21361643835617,2.354876712328767,3.500383561643836,14.0713698630137,17.213001027397222,17.21609897260273,0.3094096757990863,0.3119628550228308
Tokat,Türkiye,Chick peas,41.2812,38.0068,2023,16.697698630136987,17.54972602739726,15.879123287671232,78.98616438356164,2.096,3.6305753424657534,13.750712328767124,17.31212248858446,17.314001369862982,0.2849543173515981,0.2708876963470317
Tokat,Türkiye,Lentils,40.9843,36.9787,2023,13.143232876712329,18.417013698630136,9.053945205479453,76.68734246575343,2.3891232876712327,1.0531780821917809,14.747232876712328,13.550068493150684,13.562271689497717,0.3448969178082192,0.3514894977168949
Çorum,Türkiye,Wheat,40.9859,37.4533,2023,14.374493150684932,18.87767123287671,10.852383561643837,76.66498630136986,3.197260273972603,1.1682739726027398,14.183041095890411,14.176254680365291,14.308413698630138,0.3273369121004565,0.3174023881278537
Çorum,Türkiye,Barley,40.7453,37.4641,2023,8.61668493150685,14.502849315068492,3.610602739726027,79.79767123287671,2.708109589041096,1.710767123287671,14.183041095890411,9.10917283105024,9.184762557077624,0.3680440034246574,0.3693617294520548
Çorum,Türkiye,Maize (corn),41.4245,38.027,2023,16.697698630136987,17.54972602739726,15.879123287671232,78.98616438356164,2.096,3.6305753424657534,13.750712328767124,17.29021426940639,17.296160502283076,0.2849543173515981,0.2708876963470317
Çorum,Türkiye,Apples,40.3619,38.0568,2023,7.238383561643835,12.665287671232877,2.589671232876712,81.7725205479452,2.9306301369863013,1.977808219178082,14.03482191780822,7.573527397260274,7.45675799086758,0.2924974885844749,0.2945118721461187
Çorum,Türkiye,Olives,40.3329,37.5816,2023,8.61668493150685,14.502849315068492,3.610602739726027,79.79767123287671,2.708109589041096,1.710767123287671,14.183041095890411,8.751745890410952,9.05079006849316,0.2716532465753421,0.2532010182648402
Çorum,Türkiye,Hazelnuts,41.6195,37.5853,2023,16.577287671232877,17.474739726027398,15.75841095890411,79.16490410958905,2.3586027397260274,3.6404109589041096,13.882219178082192,17.18714611872146,17.18719178082192,0.2801033595890412,0.2802947328767125
Çorum,Türkiye,Watermelons,40.3534,37.3682,2023,8.61668493150685,14.502849315068492,3.610602739726027,79.79767123287671,2.708109589041096,1.710767123287671,14.183041095890411,8.805874543378998,8.687747488584476,0.2767896061643831,0.2676679121004568
Çorum,Türkiye,Walnuts,40.8606,37.8101,2023,14.374493150684932,18.87767123287671,10.852383561643837,76.66498630136986,3.197260273972603,1.1682739726027398,14.183041095890411,13.333980022831051,13.319495890410952,0.3242873630136987,0.3258156324200913
Çorum,Türkiye,Chick peas,41.1519,37.8453,2023,15.329780821917808,17.872876712328768,13.22649315068493,77.14901369863014,3.791972602739726,2.236328767123288,13.882219178082192,17.15263698630137,17.152545662100458,0.2870737636986302,0.2816643630136989
Çorum,Türkiye,Lentils,40.8935,38.023,2023,15.329780821917808,17.872876712328768,13.22649315068493,77.14901369863014,3.791972602739726,2.236328767123288,14.03482191780822,15.110290981735146,15.02390376712327,0.3237924748858449,0.3285737317351601
Amasya,Türkiye,Wheat,40.9436,37.5088,2023,14.374493150684932,18.87767123287671,10.852383561643837,76.66498630136986,3.197260273972603,1.1682739726027398,14.183041095890411,13.417382534246576,13.473456963470325,0.3204644760273974,0.3136720570776256
Amasya,Türkiye,Barley,41.2536,36.9531,2023,16.543041095890413,18.053150684931506,15.192109589041095,77.21361643835617,2.354876712328767,3.500383561643836,14.0713698630137,17.117222488584456,17.09092831050226,0.3098062682648396,0.3112685719178079
Amasya,Türkiye,Maize (corn),40.518,38.0843,2023,7.238383561643835,12.665287671232877,2.589671232876712,81.7725205479452,2.9306301369863013,1.977808219178082,14.03482191780822,7.525162785388115,7.363239954337892,0.3369876940639272,0.332365388127854
Amasya,Türkiye,Apples,40.3497,38.0713,2023,7.238383561643835,12.665287671232877,2.589671232876712,81.7725205479452,2.9306301369863013,1.977808219178082,14.03482191780822,8.192164497716881,8.154550799086753,0.2852529166666662,0.2799490205479447
Amasya,Türkiye,Olives,40.8375,37.2327,2023,14.374493150684932,18.87767123287671,10.852383561643837,76.66498630136986,3.197260273972603,1.1682739726027398,14.183041095890411,12.44191461187214,12.374256963470309,0.3432447134703199,0.3455573493150684
Amasya,Türkiye,Hazelnuts,40.8662,37.9333,2023,15.329780821917808,17.872876712328768,13.22649315068493,77.14901369863014,3.791972602739726,2.236328767123288,14.183041095890411,15.452549086757978,15.252677283105008,0.3261134417808221,0.3326227602739728
Amasya,Türkiye,Watermelons,40.8667,38.1779,2023,15.329780821917808,17.872876712328768,13.22649315068493,77.14901369863014,3.791972602739726,2.236328767123288,14.03482191780822,14.495789611872128,14.32700353881278,0.3331701837899545,0.339052519406393
Amasya,Türkiye,Walnuts,41.2077,37.5148,2023,14.374493150684932,18.87767123287671,10.852383561643837,76.66498630136986,3.197260273972603,1.1682739726027398,13.882219178082192,17.21059383561644,17.2064283105023,0.2671047089041098,0.2655002157534248
Amasya,Türkiye,Chick peas,41.6779,37.8233,2023,16.697698630136987,17.54972602739726,15.879123287671232,78.98616438356164,2.096,3.6305753424657534,13.882219178082192,17.21159817351598,17.21179223744292,0.2849543173515981,0.2702928698630135
Amasya,Türkiye,Lentils,40.5578,37.5797,2023,8.61668493150685,14.502849315068492,3.610602739726027,79.79767123287671,2.708109589041096,1.710767123287671,14.183041095890411,7.457954223744282,7.386097945205493,0.3659677899543381,0.3677669360730596
Bayburt,Türkiye,Wheat,41.3757,38.0492,2023,16.697698630136987,17.54972602739726,15.879123287671232,78.98616438356164,2.096,3.6305753424657534,13.750712328767124,17.260764954337898,17.267785616438324,0.2849543173515981,0.2708876963470317
Bayburt,Türkiye,Barley,41.554,36.9354,2023,16.543041095890413,18.053150684931506,15.192109589041095,77.21361643835617,2.354876712328767,3.500383561643836,14.0713698630137,17.244486301369864,17.24447488584475,0.3098062682648396,0.3112685719178079
Bayburt,Türkiye,Maize (corn),41.046,37.8376,2023,15.329780821917808,17.872876712328768,13.22649315068493,77.14901369863014,3.791972602739726,2.236328767123288,13.882219178082192,16.147876712328767,16.142180365296802,0.3026426940639269,0.2956300228310502
Bayburt,Türkiye,Apples,40.4961,37.9577,2023,7.238383561643835,12.665287671232877,2.589671232876712,81.7725205479452,2.9306301369863013,1.977808219178082,14.183041095890411,6.835719178082192,6.774486301369863,0.3222188356164384,0.3227913242009132
Bayburt,Türkiye,Olives,41.6986,37.4839,2023,16.577287671232877,17.474739726027398,15.75841095890411,79.16490410958905,2.3586027397260274,3.6404109589041096,13.882219178082192,17.28115296803653,17.281187214611872,0.2812437157534248,0.280717334474886
Bayburt,Türkiye,Hazelnuts,40.3389,37.7697,2023,8.61668493150685,14.502849315068492,3.610602739726027,79.79767123287671,2.708109589041096,1.710767123287671,14.183041095890411,10.026202283105029,10.271293721461198,0.2670470102739722,0.2562142773972604
Bayburt,Türkiye,Watermelons,41.2814,37.4157,2023,16.577287671232877,17.474739726027398,15.75841095890411,79.16490410958905,2.3586027397260274,3.6404109589041096,13.882219178082192,17.258008219178066,17.25824132420089,0.2960896826484017,0.297119296803653
Bayburt,Türkiye,Walnuts,40.524,37.9244,2023,7.238383561643835,12.665287671232877,2.589671232876712,81.7725205479452,2.9306301369863013,1.977808219178082,14.183041095890411,8.906335616438357,8.8425,0.3219108447488584,0.320650799086758
Bayburt,Türkiye,Chick peas,41.5988,38.1084,2023,16.697698630136987,17.54972602739726,15.879123287671232,78.98616438356164,2.096,3.6305753424657534,13.750712328767124,17.274385159817346,17.26928995433787,0.2849543173515981,0.2708876963470317
Bayburt,Türkiye,Lentils,41.2775,37.1504,2023,16.543041095890413,18.053150684931506,15.192109589041095,77.21361643835617,2.354876712328767,3.500383561643836,13.882219178082192,17.35988584474886,17.360022831050227,0.305928480593607,0.303735093607306
Gümüşhane,Türkiye,Wheat,40.4565,37.5353,2023,8.61668493150685,14.502849315068492,3.610602739726027,79.79767123287671,2.708109589041096,1.710767123287671,14.183041095890411,8.246461187214612,8.195913242009132,0.3579705479452055,0.3581292237442922
Gümüşhane,Türkiye,Barley,40.8423,37.7806,2023,14.374493150684932,18.87767123287671,10.852383561643837,76.66498630136986,3.197260273972603,1.1682739726027398,14.183041095890411,13.11781849315068,13.092666095890406,0.3313587865296805,0.3315275776255708
Gümüşhane,Türkiye,Maize (corn),40.749,37.1599,2023,11.438164383561643,17.93778082191781,6.028794520547946,71.96553424657534,1.850383561643836,1.872082191780822,14.183041095890411,11.19319863013697,11.34329006849314,0.2738985285388129,0.2638180753424655
Gümüşhane,Türkiye,Apples,41.2869,37.5797,2023,16.577287671232877,17.474739726027398,15.75841095890411,79.16490410958905,2.3586027397260274,3.6404109589041096,13.882219178082192,17.227153538812782,17.225644520547938,0.2801033595890412,0.2802947328767125
Gümüşhane,Türkiye,Olives,40.9887,38.1201,2023,15.329780821917808,17.872876712328768,13.22649315068493,77.14901369863014,3.791972602739726,2.236328767123288,14.03482191780822,17.17648401826484,17.176461187214613,0.3275181598173518,0.323704613013699
Gümüşhane,Türkiye,Hazelnuts,41.2595,37.8833,2023,16.697698630136987,17.54972602739726,15.879123287671232,78.98616438356164,2.096,3.6305753424657534,13.882219178082192,17.31367579908676,17.313767123287672,0.2849543173515981,0.2702928698630135
Gümüşhane,Türkiye,Watermelons,41.5855,37.4292,2023,16.577287671232877,17.474739726027398,15.75841095890411,79.16490410958905,2.3586027397260274,3.6404109589041096,13.882219178082192,17.22046803652968,17.22041095890411,0.29041049543379,0.2891514143835618
Gümüşhane,Türkiye,Walnuts,40.3993,37.7978,2023,8.61668493150685,14.502849315068492,3.610602739726027,79.79767123287671,2.708109589041096,1.710767123287671,14.183041095890411,9.81966004566212,9.843128538812795,0.2705360136986297,0.2730761449771692
Gümüşhane,Türkiye,Chick peas,40.3115,37.8148,2023,7.238383561643835,12.665287671232877,2.589671232876712,81.7725205479452,2.9306301369863013,1.977808219178082,14.183041095890411,10.1962651826484,10.342140410958908,0.2771735559360727,0.2615210947488581
Gümüşhane,Türkiye,Lentils,41.439,37.7551,2023,16.577287671232877,17.474739726027398,15.75841095890411,79.16490410958905,2.3586027397260274,3.6404109589041096,13.882219178082192,17.223977625570768,17.22386906392693,0.2893038847031964,0.2861785559360734
Erzurum,Türkiye,Wheat,39.1184,42.4058,2023,9.37054794520548,15.6886301369863,3.5504109589041097,63.495753424657536,1.5457534246575342,2.2953972602739725,16.47786301369863,11.292058333333328,11.451111529680375,0.2995329337899542,0.2969341495433785
Erzurum,Türkiye,Barley,38.7261,41.3777,2023,12.817041095890412,18.97797260273973,7.021479452054795,59.68271232876712,2.083068493150685,2.0512328767123287,16.73608219178082,12.347667808219178,12.142341095890416,0.2906621586757991,0.291602489726027
Erzurum,Türkiye,Maize (corn),38.8458,42.49,2023,9.37054794520548,15.6886301369863,3.5504109589041097,63.495753424657536,1.5457534246575342,2.2953972602739725,16.977643835616437,11.292058333333328,11.454505707762564,0.2979717625570776,0.2935856130136983
Erzurum,Türkiye,Apples,39.4874,41.8589,2023,7.24482191780822,13.787835616438356,1.4224657534246574,68.80142465753424,1.8122465753424657,2.341260273972603,16.460794520547946,11.287875114155243,11.496448630136998,0.2995710034246574,0.2975819086757986
Erzurum,Türkiye,Olives,38.7784,42.18,2023,9.705835616438357,16.285753424657536,3.62358904109589,64.16490410958905,1.760027397260274,2.172328767123288,16.977643835616437,11.22338458904109,11.401739383561653,0.2897717442922374,0.2920140776255704
Erzurum,Türkiye,Hazelnuts,39.5385,42.645,2023,8.643013698630137,15.35772602739726,2.6117534246575342,64.75531506849315,1.7323287671232876,2.2095616438356163,16.47786301369863,11.3202904109589,11.462620776255717,0.299301658675799,0.2970619920091319
Erzurum,Türkiye,Watermelons,38.6341,42.232,2023,10.414,15.198410958904107,5.987808219178082,60.06378082191781,1.4535890410958905,2.604,16.977643835616437,11.35708162100456,11.475805821917817,0.2917590696347032,0.2922286084474882
Erzurum,Türkiye,Walnuts,39.4343,41.9149,2023,7.24482191780822,13.787835616438356,1.4224657534246574,68.80142465753424,1.8122465753424657,2.341260273972603,16.460794520547946,11.287875114155243,11.496448630136998,0.2995710034246574,0.2975819086757986
Erzurum,Türkiye,Chick peas,39.0311,41.9533,2023,9.705835616438357,16.285753424657536,3.62358904109589,64.16490410958905,1.760027397260274,2.172328767123288,16.460794520547946,11.22338458904109,11.398345205479462,0.2995695616438355,0.2971987888127849
Erzurum,Türkiye,Lentils,39.191,42.6012,2023,9.37054794520548,15.6886301369863,3.5504109589041097,63.495753424657536,1.5457534246575342,2.2953972602739725,16.47786301369863,11.292058333333328,11.451111529680375,0.2995241324200912,0.2969341495433785
Erzincan,Türkiye,Wheat,38.8556,41.6877,2023,9.705835616438357,16.285753424657536,3.62358904109589,64.16490410958905,1.760027397260274,2.172328767123288,16.73608219178082,11.22338458904109,11.401739383561653,0.2995695616438355,0.2965459006849311
Erzincan,Türkiye,Barley,39.4602,42.1122,2023,7.24482191780822,13.787835616438356,1.4224657534246574,68.80142465753424,1.8122465753424657,2.341260273972603,16.47786301369863,11.287875114155243,11.496448630136998,0.2995710034246574,0.2975819086757986
Erzincan,Türkiye,Maize (corn),38.3967,42.5352,2023,10.414,15.198410958904107,5.987808219178082,60.06378082191781,1.4535890410958905,2.604,16.977643835616437,11.430791666666662,11.475805821917817,0.2935452100456622,0.2951718504566206
Erzincan,Türkiye,Apples,38.3658,42.5626,2023,10.414,15.198410958904107,5.987808219178082,60.06378082191781,1.4535890410958905,2.604,16.977643835616437,11.430791666666662,11.475805821917817,0.2935452100456622,0.2954290171232873
Erzincan,Türkiye,Olives,39.6023,41.5002,2023,6.006438356164384,12.17309589041096,0.4327671232876712,71.51205479452055,2.155342465753425,2.277068493150685,16.460794520547946,11.259902283105015,11.416038356164393,0.2965523847031962,0.2952065981735155
Erzincan,Türkiye,Hazelnuts,39.243,41.8046,2023,9.705835616438357,16.285753424657536,3.62358904109589,64.16490410958905,1.760027397260274,2.172328767123288,16.460794520547946,11.22338458904109,11.398345205479462,0.2995695616438355,0.2972000981735155
Erzincan,Türkiye,Watermelons,38.9563,41.5655,2023,9.705835616438357,16.285753424657536,3.62358904109589,64.16490410958905,1.760027397260274,2.172328767123288,16.73608219178082,11.22338458904109,11.401739383561653,0.2995695616438355,0.2976507956621
Erzincan,Türkiye,Walnuts,39.5543,41.8387,2023,7.24482191780822,13.787835616438356,1.4224657534246574,68.80142465753424,1.8122465753424657,2.341260273972603,16.460794520547946,11.287875114155243,11.496448630136998,0.2995710034246574,0.2975819086757986
Erzincan,Türkiye,Chick peas,38.5415,42.3256,2023,10.414,15.198410958904107,5.987808219178082,60.06378082191781,1.4535890410958905,2.604,16.977643835616437,11.430791666666662,11.475805821917817,0.2920354474885845,0.2930269908675795
Erzincan,Türkiye,Lentils,39.3763,41.6692,2023,7.24482191780822,13.787835616438356,1.4224657534246574,68.80142465753424,1.8122465753424657,2.341260273972603,16.460794520547946,11.287875114155243,11.497892009132432,0.2995710034246574,0.2975819086757986
Ağrı,Türkiye,Wheat,39.0355,41.444,2023,9.572328767123288,15.800438356164385,3.6865205479452055,65.63695890410959,2.389917808219178,2.1085479452054794,16.460794520547946,11.2047955479452,11.329592922374438,0.2601980799086756,0.2493753264840181
Ağrı,Türkiye,Barley,39.4512,42.3556,2023,8.643013698630137,15.35772602739726,2.6117534246575342,64.75531506849315,1.7323287671232876,2.2095616438356163,16.47786301369863,11.3202904109589,11.462620776255717,0.299301658675799,0.2970619920091319
Ağrı,Türkiye,Maize (corn),39.1789,42.2439,2023,9.37054794520548,15.6886301369863,3.5504109589041097,63.495753424657536,1.5457534246575342,2.2953972602739725,16.47786301369863,11.292058333333328,11.451111529680375,0.2995241324200912,0.2969341495433785
Ağrı,Türkiye,Apples,39.564,42.2106,2023,8.643013698630137,15.35772602739726,2.6117534246575342,64.75531506849315,1.7323287671232876,2.2095616438356163,16.47786301369863,11.3202904109589,11.462620776255717,0.299301658675799,0.2970619920091319
Ağrı,Türkiye,Olives,38.3405,41.6278,2023,10.76476712328767,16.72139726027397,5.31,61.21827397260274,1.5684383561643835,2.1494520547945206,16.73608219178082,11.350476598173511,11.48249646118722,0.2953566301369863,0.2960707614155247
Ağrı,Türkiye,Hazelnuts,38.6096,41.9626,2023,10.76476712328767,16.72139726027397,5.31,61.21827397260274,1.5684383561643835,2.1494520547945206,16.73608219178082,11.276766552511411,11.40837636986302,0.2931666506849315,0.2926641689497713
Ağrı,Türkiye,Watermelons,39.2793,41.4208,2023,6.006438356164384,12.17309589041096,0.4327671232876712,71.51205479452055,2.155342465753425,2.277068493150685,16.460794520547946,11.259902283105015,11.417481735159829,0.2965523847031962,0.2952065981735155
Ağrı,Türkiye,Walnuts,38.9765,42.0129,2023,9.705835616438357,16.285753424657536,3.62358904109589,64.16490410958905,1.760027397260274,2.172328767123288,16.977643835616437,11.22338458904109,11.401558675799096,0.2985399954337899,0.2976507956621
Ağrı,Türkiye,Chick peas,39.0476,41.4009,2023,9.572328767123288,15.800438356164385,3.6865205479452055,65.63695890410959,2.389917808219178,2.1085479452054794,16.460794520547946,11.2047955479452,11.329592922374438,0.2601980799086756,0.2493753264840181
Ağrı,Türkiye,Lentils,39.4695,41.4271,2023,6.006438356164384,12.17309589041096,0.4327671232876712,71.51205479452055,2.155342465753425,2.277068493150685,16.460794520547946,11.259902283105015,11.416038356164393,0.2965523847031962,0.2952065981735155
Kars,Türkiye,Wheat,39.0053,42.4922,2023,9.37054794520548,15.6886301369863,3.5504109589041097,63.495753424657536,1.5457534246575342,2.2953972602739725,16.47786301369863,11.292058333333328,11.451111529680375,0.2996887694063926,0.2969328401826479
Kars,Türkiye,Barley,38.8287,41.843,2023,9.705835616438357,16.285753424657536,3.62358904109589,64.16490410958905,1.760027397260274,2.172328767123288,16.73608219178082,11.22338458904109,11.401739383561653,0.2933013607305935,0.292008284246575
Kars,Türkiye,Maize (corn),38.875,42.589,2023,9.37054794520548,15.6886301369863,3.5504109589041097,63.495753424657536,1.5457534246575342,2.2953972602739725,16.977643835616437,11.292058333333328,11.454505707762564,0.2991487933789953,0.2968796952054789
Kars,Türkiye,Apples,38.4985,41.4617,2023,12.817041095890412,18.97797260273973,7.021479452054795,59.68271232876712,2.083068493150685,2.0512328767123287,16.73608219178082,12.17390502283105,11.998292123287674,0.2933546312785389,0.2921126746575339
Kars,Türkiye,Olives,39.2711,42.22,2023,8.643013698630137,15.35772602739726,2.6117534246575342,64.75531506849315,1.7323287671232876,2.2095616438356163,16.47786301369863,11.3202904109589,11.464064155251153,0.299301658675799,0.2970619920091319
Kars,Türkiye,Hazelnuts,39.3153,42.6953,2023,8.643013698630137,15.35772602739726,2.6117534246575342,64.75531506849315,1.7323287671232876,2.2095616438356163,16.47786301369863,11.3202904109589,11.464064155251153,0.299301658675799,0.2970619920091319
Kars,Türkiye,Watermelons,39.6698,41.3987,2023,6.006438356164384,12.17309589041096,0.4327671232876712,71.51205479452055,2.155342465753425,2.277068493150685,16.460794520547946,11.259902283105015,11.416038356164393,0.2966369748858447,0.2952065981735155
Kars,Türkiye,Walnuts,39.1712,42.1809,2023,9.705835616438357,16.285753424657536,3.62358904109589,64.16490410958905,1.760027397260274,2.172328767123288,16.47786301369863,11.22338458904109,11.398345205479462,0.2995695616438355,0.2972000981735155
Kars,Türkiye,Chick peas,39.1335,42.0212,2023,9.705835616438357,16.285753424657536,3.62358904109589,64.16490410958905,1.760027397260274,2.172328767123288,16.47786301369863,11.22338458904109,11.398345205479462,0.2995695616438355,0.2972000981735155
Kars,Türkiye,Lentils,39.1701,42.2978,2023,9.37054794520548,15.6886301369863,3.5504109589041097,63.495753424657536,1.5457534246575342,2.2953972602739725,16.47786301369863,11.292058333333328,11.451111529680375,0.2995241324200912,0.2969341495433785
Ardahan,Türkiye,Wheat,39.684,41.8943,2023,7.24482191780822,13.787835616438356,1.4224657534246574,68.80142465753424,1.8122465753424657,2.341260273972603,16.460794520547946,11.287875114155243,11.496448630136998,0.2996555936073058,0.2975819086757986
Ardahan,Türkiye,Barley,39.3331,42.6346,2023,8.643013698630137,15.35772602739726,2.6117534246575342,64.75531506849315,1.7323287671232876,2.2095616438356163,16.47786301369863,11.3202904109589,11.464064155251153,0.299301658675799,0.2970619920091319
Ardahan,Türkiye,Maize (corn),39.5009,42.015,2023,7.24482191780822,13.787835616438356,1.4224657534246574,68.80142465753424,1.8122465753424657,2.341260273972603,16.47786301369863,11.287875114155243,11.496448630136998,0.2995710034246574,0.2975819086757986
Ardahan,Türkiye,Apples,39.4962,42.2382,2023,8.643013698630137,15.35772602739726,2.6117534246575342,64.75531506849315,1.7323287671232876,2.2095616438356163,16.47786301369863,11.3202904109589,11.462620776255717,0.299301658675799,0.2970619920091319
Ardahan,Türkiye,Olives,39.2896,41.5385,2023,6.006438356164384,12.17309589041096,0.4327671232876712,71.51205479452055,2.155342465753425,2.277068493150685,16.460794520547946,11.259902283105015,11.417481735159829,0.2965523847031962,0.2952065981735155
Ardahan,Türkiye,Hazelnuts,38.7644,42.1847,2023,9.705835616438357,16.285753424657536,3.62358904109589,64.16490410958905,1.760027397260274,2.172328767123288,16.977643835616437,11.22338458904109,11.401739383561653,0.2897717442922374,0.2921991335616434
Ardahan,Türkiye,Watermelons,39.6283,42.1595,2023,7.24482191780822,13.787835616438356,1.4224657534246574,68.80142465753424,1.8122465753424657,2.341260273972603,16.47786301369863,11.287875114155243,11.496448630136998,0.2996555936073058,0.2975819086757986
Ardahan,Türkiye,Walnuts,38.6401,41.9594,2023,10.76476712328767,16.72139726027397,5.31,61.21827397260274,1.5684383561643835,2.1494520547945206,16.73608219178082,11.276766552511411,11.40837636986302,0.2928500947488584,0.292297592465753
Ardahan,Türkiye,Chick peas,38.5188,41.5775,2023,10.76476712328767,16.72139726027397,5.31,61.21827397260274,1.5684383561643835,2.1494520547945206,16.73608219178082,11.350476598173511,11.48249646118722,0.2944465308219178,0.2937023333333329
Ardahan,Türkiye,Lentils,39.2242,41.9455,2023,9.705835616438357,16.285753424657536,3.62358904109589,64.16490410958905,1.760027397260274,2.172328767123288,16.460794520547946,11.22338458904109,11.398345205479462,0.2995695616438355,0.2972000981735155
Iğdır,Türkiye,Wheat,39.1953,41.71,2023,9.705835616438357,16.285753424657536,3.62358904109589,64.16490410958905,1.760027397260274,2.172328767123288,16.460794520547946,11.22338458904109,11.398345205479462,0.2995695616438355,0.2972000981735155
Iğdır,Türkiye,Barley,39.5078,41.3937,2023,6.006438356164384,12.17309589041096,0.4327671232876712,71.51205479452055,2.155342465753425,2.277068493150685,16.460794520547946,11.259902283105015,11.416038356164393,0.2965523847031962,0.2952065981735155
Iğdır,Türkiye,Maize (corn),38.3145,41.3783,2023,12.817041095890412,18.97797260273973,7.021479452054795,59.68271232876712,2.083068493150685,2.0512328767123287,16.73608219178082,12.17390502283105,12.01665251141553,0.2940282773972603,0.2955216484018261
Iğdır,Türkiye,Apples,38.369,41.9508,2023,10.76476712328767,16.72139726027397,5.31,61.21827397260274,1.5684383561643835,2.1494520547945206,16.73608219178082,11.350476598173511,11.48249646118722,0.2955681073059361,0.2959938025114151
Iğdır,Türkiye,Olives,38.4508,42.0879,2023,10.76476712328767,16.72139726027397,5.31,61.21827397260274,1.5684383561643835,2.1494520547945206,16.977643835616437,11.350476598173511,11.48249646118722,0.294622537671233,0.2952915445205475
Iğdır,Türkiye,Hazelnuts,39.5201,41.4784,2023,6.006438356164384,12.17309589041096,0.4327671232876712,71.51205479452055,2.155342465753425,2.277068493150685,16.460794520547946,11.259902283105015,11.416038356164393,0.2965523847031962,0.2952065981735155
Iğdır,Türkiye,Watermelons,39.0119,42.4079,2023,9.37054794520548,15.6886301369863,3.5504109589041097,63.495753424657536,1.5457534246575342,2.2953972602739725,16.47786301369863,11.292058333333328,11.451111529680375,0.2996887694063926,0.2969328401826479
Iğdır,Türkiye,Walnuts,38.3382,42.15,2023,10.76476712328767,16.72139726027397,5.31,61.21827397260274,1.5684383561643835,2.1494520547945206,16.977643835616437,11.350476598173511,11.48249646118722,0.2938769634703197,0.2957801141552507
Iğdır,Türkiye,Chick peas,39.1327,42.2303,2023,9.37054794520548,15.6886301369863,3.5504109589041097,63.495753424657536,1.5457534246575342,2.2953972602739725,16.47786301369863,11.292058333333328,11.451111529680375,0.2995329337899542,0.2969341495433785
Iğdır,Türkiye,Lentils,39.2453,41.9171,2023,9.705835616438357,16.285753424657536,3.62358904109589,64.16490410958905,1.760027397260274,2.172328767123288,16.460794520547946,11.22338458904109,11.398345205479462,0.2995695616438355,0.2972000981735155
Bingöl,Türkiye,Wheat,38.8948,41.6971,2023,9.705835616438357,16.285753424657536,3.62358904109589,64.16490410958905,1.760027397260274,2.172328767123288,16.73608219178082,11.22338458904109,11.401739383561653,0.2995695616438355,0.297145643835616
Bingöl,Türkiye,Barley,38.8387,41.8795,2023,9.705835616438357,16.285753424657536,3.62358904109589,64.16490410958905,1.760027397260274,2.172328767123288,16.73608219178082,11.22338458904109,11.401739383561653,0.294019413242009,0.292008284246575
Bingöl,Türkiye,Maize (corn),38.7094,42.087,2023,10.76476712328767,16.72139726027397,5.31,61.21827397260274,1.5684383561643835,2.1494520547945206,16.977643835616437,11.276766552511411,11.40837636986302,0.2902366095890411,0.2929076073059357
Bingöl,Türkiye,Apples,39.0337,42.5683,2023,9.37054794520548,15.6886301369863,3.5504109589041097,63.495753424657536,1.5457534246575342,2.2953972602739725,16.47786301369863,11.292058333333328,11.451111529680375,0.2995537237442921,0.2969328401826479
Bingöl,Türkiye,Olives,39.161,42.5257,2023,9.37054794520548,15.6886301369863,3.5504109589041097,63.495753424657536,1.5457534246575342,2.2953972602739725,16.47786301369863,11.292058333333328,11.451111529680375,0.2995241324200912,0.2969341495433785
Bingöl,Türkiye,Hazelnuts,38.4891,41.7755,2023,10.76476712328767,16.72139726027397,5.31,61.21827397260274,1.5684383561643835,2.1494520547945206,16.73608219178082,11.350476598173511,11.48249646118722,0.2949413824200914,0.2934177922374425
Bingöl,Türkiye,Watermelons,38.8498,41.5999,2023,9.705835616438357,16.285753424657536,3.62358904109589,64.16490410958905,1.760027397260274,2.172328767123288,16.73608219178082,11.22338458904109,11.401739383561653,0.2995695616438355,0.2965459006849311
Bingöl,Türkiye,Walnuts,39.2981,42.6863,2023,8.643013698630137,15.35772602739726,2.6117534246575342,64.75531506849315,1.7323287671232876,2.2095616438356163,16.47786301369863,11.3202904109589,11.464064155251153,0.299301658675799,0.2970619920091319
Bingöl,Türkiye,Chick peas,39.3939,41.3172,2023,6.006438356164384,12.17309589041096,0.4327671232876712,71.51205479452055,2.155342465753425,2.277068493150685,16.460794520547946,11.259902283105015,11.416038356164393,0.2965523847031962,0.2952065981735155
Bingöl,Türkiye,Lentils,38.9823,42.3732,2023,9.37054794520548,15.6886301369863,3.5504109589041097,63.495753424657536,1.5457534246575342,2.2953972602739725,16.977643835616437,11.292058333333328,11.454325000000008,0.2991487933789953,0.2971573892694059
Muş,Türkiye,Wheat,39.5551,42.6074,2023,8.643013698630137,15.35772602739726,2.6117534246575342,64.75531506849315,1.7323287671232876,2.2095616438356163,16.47786301369863,11.3202904109589,11.462620776255717,0.299301658675799,0.2970619920091319
Muş,Türkiye,Barley,38.8782,42.6626,2023,9.37054794520548,15.6886301369863,3.5504109589041097,63.495753424657536,1.5457534246575342,2.2953972602739725,16.977643835616437,11.292058333333328,11.454505707762564,0.2991487933789953,0.2968796952054789
Muş,Türkiye,Maize (corn),38.6419,41.4173,2023,12.817041095890412,18.97797260273973,7.021479452054795,59.68271232876712,2.083068493150685,2.0512328767123287,16.73608219178082,12.480334474885842,12.20577557077626,0.290824093607306,0.2909924748858444
Muş,Türkiye,Apples,38.9682,41.4393,2023,9.572328767123288,15.800438356164385,3.6865205479452055,65.63695890410959,2.389917808219178,2.1085479452054794,16.73608219178082,11.2047955479452,11.332806392694074,0.2601980799086756,0.249523413242009
Muş,Türkiye,Olives,39.094,42.631,2023,9.37054794520548,15.6886301369863,3.5504109589041097,63.495753424657536,1.5457534246575342,2.2953972602739725,16.47786301369863,11.292058333333328,11.451111529680375,0.2995329337899542,0.2969328401826479
Muş,Türkiye,Hazelnuts,38.7439,42.3288,2023,10.414,15.198410958904107,5.987808219178082,60.06378082191781,1.4535890410958905,2.604,16.977643835616437,11.35708162100456,11.475805821917817,0.2900379474885844,0.2926535673515978
Muş,Türkiye,Watermelons,38.3351,42.0694,2023,10.76476712328767,16.72139726027397,5.31,61.21827397260274,1.5684383561643835,2.1494520547945206,16.977643835616437,11.350476598173511,11.48249646118722,0.2938769634703197,0.2957801141552507
Muş,Türkiye,Walnuts,38.6599,41.5192,2023,12.817041095890412,18.97797260273973,7.021479452054795,59.68271232876712,2.083068493150685,2.0512328767123287,16.73608219178082,12.480334474885842,12.20577557077626,0.2907065742009133,0.2909924748858444
Muş,Türkiye,Chick peas,39.3206,42.1629,2023,7.24482191780822,13.787835616438356,1.4224657534246574,68.80142465753424,1.8122465753424657,2.341260273972603,16.47786301369863,11.287875114155243,11.497892009132432,0.2995710034246574,0.2975819086757986
Muş,Türkiye,Lentils,38.4414,42.3531,2023,10.414,15.198410958904107,5.987808219178082,60.06378082191781,1.4535890410958905,2.604,16.977643835616437,11.430791666666662,11.475805821917817,0.2941373310502284,0.2954119520547942
Bitlis,Türkiye,Wheat,38.497,42.1437,2023,10.76476712328767,16.72139726027397,5.31,61.21827397260274,1.5684383561643835,2.1494520547945206,16.977643835616437,11.350476598173511,11.48249646118722,0.2925342271689499,0.2934177922374425
Bitlis,Türkiye,Barley,38.6165,42.2134,2023,10.414,15.198410958904107,5.987808219178082,60.06378082191781,1.4535890410958905,2.604,16.977643835616437,11.35708162100456,11.475805821917817,0.2915644292237443,0.2925951849315065
Bitlis,Türkiye,Maize (corn),39.416,41.3932,2023,6.006438356164384,12.17309589041096,0.4327671232876712,71.51205479452055,2.155342465753425,2.277068493150685,16.460794520547946,11.259902283105015,11.416038356164393,0.2965523847031962,0.2952065981735155
Bitlis,Türkiye,Apples,39.2243,41.4933,2023,9.572328767123288,15.800438356164385,3.6865205479452055,65.63695890410959,2.389917808219178,2.1085479452054794,16.460794520547946,11.2047955479452,11.329592922374438,0.2601980799086756,0.2493753264840181
Bitlis,Türkiye,Olives,39.462,42.6135,2023,8.643013698630137,15.35772602739726,2.6117534246575342,64.75531506849315,1.7323287671232876,2.2095616438356163,16.47786301369863,11.3202904109589,11.462620776255717,0.299301658675799,0.2970619920091319
Bitlis,Türkiye,Hazelnuts,38.5906,42.5229,2023,10.414,15.198410958904107,5.987808219178082,60.06378082191781,1.4535890410958905,2.604,16.977643835616437,11.35708162100456,11.475805821917817,0.2914114029680366,0.2925951849315065
Bitlis,Türkiye,Watermelons,39.6651,41.3046,2023,6.006438356164384,12.17309589041096,0.4327671232876712,71.51205479452055,2.155342465753425,2.277068493150685,16.460794520547946,11.259902283105015,11.416038356164393,0.2966369748858447,0.2952065981735155
Bitlis,Türkiye,Walnuts,39.1181,42.6515,2023,9.37054794520548,15.6886301369863,3.5504109589041097,63.495753424657536,1.5457534246575342,2.2953972602739725,16.47786301369863,11.292058333333328,11.451111529680375,0.2995329337899542,0.2969341495433785
Bitlis,Türkiye,Chick peas,38.9096,42.4188,2023,9.37054794520548,15.6886301369863,3.5504109589041097,63.495753424657536,1.5457534246575342,2.2953972602739725,16.977643835616437,11.292058333333328,11.454505707762564,0.2991487933789953,0.2969746678082187
Bitlis,Türkiye,Lentils,38.4865,42.407,2023,10.414,15.198410958904107,5.987808219178082,60.06378082191781,1.4535890410958905,2.604,16.977643835616437,11.430791666666662,11.475805821917817,0.2925302990867581,0.2933488082191777
Van,Türkiye,Wheat,38.7439,41.9455,2023,10.76476712328767,16.72139726027397,5.31,61.21827397260274,1.5684383561643835,2.1494520547945206,16.73608219178082,11.276766552511411,11.40837636986302,0.2918688436073058,0.2929076073059357
Van,Türkiye,Barley,39.5541,41.6975,2023,7.24482191780822,13.787835616438356,1.4224657534246574,68.80142465753424,1.8122465753424657,2.341260273972603,16.460794520547946,11.287875114155243,11.496448630136998,0.2995710034246574,0.2975819086757986
Van,Türkiye,Maize (corn),39.3768,41.9695,2023,7.24482191780822,13.787835616438356,1.4224657534246574,68.80142465753424,1.8122465753424657,2.341260273972603,16.460794520547946,11.287875114155243,11.497892009132432,0.2995710034246574,0.2975819086757986
Van,Türkiye,Apples,38.8078,42.3083,2023,9.37054794520548,15.6886301369863,3.5504109589041097,63.495753424657536,1.5457534246575342,2.2953972602739725,16.977643835616437,11.292058333333328,11.454505707762564,0.2912811061643835,0.2916264018264837
Van,Türkiye,Olives,39.5728,41.8606,2023,7.24482191780822,13.787835616438356,1.4224657534246574,68.80142465753424,1.8122465753424657,2.341260273972603,16.460794520547946,11.287875114155243,11.496448630136998,0.2995710034246574,0.2975819086757986
Van,Türkiye,Hazelnuts,38.7924,42.6904,2023,9.37054794520548,15.6886301369863,3.5504109589041097,63.495753424657536,1.5457534246575342,2.2953972602739725,16.977643835616437,11.292058333333328,11.454505707762564,0.2900322340182648,0.291632195205479
Van,Türkiye,Watermelons,38.6502,41.5224,2023,12.817041095890412,18.97797260273973,7.021479452054795,59.68271232876712,2.083068493150685,2.0512328767123287,16.73608219178082,12.480334474885842,12.20577557077626,0.290824093607306,0.2909924748858444
Van,Türkiye,Walnuts,38.3538,41.8115,2023,10.76476712328767,16.72139726027397,5.31,61.21827397260274,1.5684383561643835,2.1494520547945206,16.73608219178082,11.350476598173511,11.48249646118722,0.2955681073059361,0.2960707614155247
Van,Türkiye,Chick peas,39.2016,41.7342,2023,9.705835616438357,16.285753424657536,3.62358904109589,64.16490410958905,1.760027397260274,2.172328767123288,16.460794520547946,11.22338458904109,11.398345205479462,0.2995695616438355,0.2972000981735155
Van,Türkiye,Lentils,38.9839,42.4128,2023,9.37054794520548,15.6886301369863,3.5504109589041097,63.495753424657536,1.5457534246575342,2.2953972602739725,16.977643835616437,11.292058333333328,11.454325000000008,0.2991487933789953,0.2971573892694059
Hakkari,Türkiye,Wheat,39.6294,42.2341,2023,8.643013698630137,15.35772602739726,2.6117534246575342,64.75531506849315,1.7323287671232876,2.2095616438356163,16.47786301369863,11.3202904109589,11.462620776255717,0.299301658675799,0.2970619920091319
Hakkari,Türkiye,Barley,38.761,41.7851,2023,9.705835616438357,16.285753424657536,3.62358904109589,64.16490410958905,1.760027397260274,2.172328767123288,16.73608219178082,11.22338458904109,11.401739383561653,0.2913141837899542,0.2921991335616434
Hakkari,Türkiye,Maize (corn),39.676,41.9886,2023,7.24482191780822,13.787835616438356,1.4224657534246574,68.80142465753424,1.8122465753424657,2.341260273972603,16.460794520547946,11.287875114155243,11.496448630136998,0.2996555936073058,0.2975819086757986
Hakkari,Türkiye,Apples,38.9959,42.4111,2023,9.37054794520548,15.6886301369863,3.5504109589041097,63.495753424657536,1.5457534246575342,2.2953972602739725,16.977643835616437,11.292058333333328,11.454325000000008,0.2991487933789953,0.2971573892694059
Hakkari,Türkiye,Olives,38.5741,42.6916,2023,10.414,15.198410958904107,5.987808219178082,60.06378082191781,1.4535890410958905,2.604,16.977643835616437,11.35708162100456,11.475805821917817,0.2915328732876713,0.2925951849315065
Hakkari,Türkiye,Hazelnuts,38.4829,41.8898,2023,10.76476712328767,16.72139726027397,5.31,61.21827397260274,1.5684383561643835,2.1494520547945206,16.73608219178082,11.350476598173511,11.48249646118722,0.2949413824200914,0.2934177922374425
Hakkari,Türkiye,Watermelons,39.2389,42.4952,2023,9.37054794520548,15.6886301369863,3.5504109589041097,63.495753424657536,1.5457534246575342,2.2953972602739725,16.47786301369863,11.292058333333328,11.451111529680375,0.2995241324200912,0.2969341495433785
Hakkari,Türkiye,Walnuts,38.9009,41.3114,2023,9.572328767123288,15.800438356164385,3.6865205479452055,65.63695890410959,2.389917808219178,2.1085479452054794,16.73608219178082,11.2047955479452,11.33298710045663,0.2601980799086756,0.249523413242009
Hakkari,Türkiye,Chick peas,39.5162,41.9254,2023,7.24482191780822,13.787835616438356,1.4224657534246574,68.80142465753424,1.8122465753424657,2.341260273972603,16.460794520547946,11.287875114155243,11.496448630136998,0.2995710034246574,0.2975819086757986
Hakkari,Türkiye,Lentils,38.6352,42.2196,2023,10.414,15.198410958904107,5.987808219178082,60.06378082191781,1.4535890410958905,2.604,16.977643835616437,11.35708162100456,11.475805821917817,0.2917590696347032,0.2922286084474882
Tunceli,Türkiye,Wheat,38.6643,41.4865,2023,12.817041095890412,18.97797260273973,7.021479452054795,59.68271232876712,2.083068493150685,2.0512328767123287,16.73608219178082,12.480334474885842,12.20577557077626,0.2907065742009133,0.2909924748858444
Tunceli,Türkiye,Barley,38.8172,41.7198,2023,9.705835616438357,16.285753424657536,3.62358904109589,64.16490410958905,1.760027397260274,2.172328767123288,16.73608219178082,11.22338458904109,11.401739383561653,0.2933013607305935,0.292008284246575
Tunceli,Türkiye,Maize (corn),39.2513,42.0269,2023,7.24482191780822,13.787835616438356,1.4224657534246574,68.80142465753424,1.8122465753424657,2.341260273972603,16.47786301369863,11.287875114155243,11.497892009132432,0.2995710034246574,0.2975819086757986
Tunceli,Türkiye,Apples,38.4795,42.6705,2023,10.414,15.198410958904107,5.987808219178082,60.06378082191781,1.4535890410958905,2.604,16.977643835616437,11.430791666666662,11.475805821917817,0.2925302990867581,0.2933488082191777
Tunceli,Türkiye,Olives,38.33,42.2239,2023,10.414,15.198410958904107,5.987808219178082,60.06378082191781,1.4535890410958905,2.604,16.977643835616437,11.430791666666662,11.475805821917817,0.2933946563926942,0.2954803230593603
Tunceli,Türkiye,Hazelnuts,38.5227,42.5058,2023,10.414,15.198410958904107,5.987808219178082,60.06378082191781,1.4535890410958905,2.604,16.977643835616437,11.430791666666662,11.475805821917817,0.2920354474885845,0.2936333493150681
Tunceli,Türkiye,Watermelons,39.1395,42.3554,2023,9.37054794520548,15.6886301369863,3.5504109589041097,63.495753424657536,1.5457534246575342,2.2953972602739725,16.47786301369863,11.292058333333328,11.451111529680375,0.2995241324200912,0.2969341495433785
Tunceli,Türkiye,Walnuts,39.2567,41.926,2023,7.24482191780822,13.787835616438356,1.4224657534246574,68.80142465753424,1.8122465753424657,2.341260273972603,16.460794520547946,11.287875114155243,11.497892009132432,0.2995710034246574,0.2975819086757986
Tunceli,Türkiye,Chick peas,38.5807,42.5967,2023,10.414,15.198410958904107,5.987808219178082,60.06378082191781,1.4535890410958905,2.604,16.977643835616437,11.35708162100456,11.475805821917817,0.2915328732876713,0.2925951849315065
Tunceli,Türkiye,Lentils,38.5625,41.3972,2023,12.817041095890412,18.97797260273973,7.021479452054795,59.68271232876712,2.083068493150685,2.0512328767123287,16.73608219178082,12.148792465753422,11.871650342465758,0.2919973538812786,0.2914128744292233
Malatya,Türkiye,Wheat,39.665,42.2914,2023,8.643013698630137,15.35772602739726,2.6117534246575342,64.75531506849315,1.7323287671232876,2.2095616438356163,16.47786301369863,11.3202904109589,11.462620776255717,0.299301658675799,0.2970619920091319
Malatya,Türkiye,Barley,38.3689,42.2216,2023,10.414,15.198410958904107,5.987808219178082,60.06378082191781,1.4535890410958905,2.604,16.977643835616437,11.430791666666662,11.475805821917817,0.2935452100456622,0.2954290171232873
Malatya,Türkiye,Maize (corn),39.3988,42.6601,2023,8.643013698630137,15.35772602739726,2.6117534246575342,64.75531506849315,1.7323287671232876,2.2095616438356163,16.47786301369863,11.3202904109589,11.462620776255717,0.299301658675799,0.2970619920091319
Malatya,Türkiye,Apples,38.5762,41.6913,2023,10.76476712328767,16.72139726027397,5.31,61.21827397260274,1.5684383561643835,2.1494520547945206,16.73608219178082,11.276766552511411,11.40837636986302,0.2930892534246576,0.2926641689497713
Malatya,Türkiye,Olives,39.6852,41.4401,2023,6.006438356164384,12.17309589041096,0.4327671232876712,71.51205479452055,2.155342465753425,2.277068493150685,16.460794520547946,11.259902283105015,11.416038356164393,0.2966369748858447,0.2952065981735155
Malatya,Türkiye,Hazelnuts,39.1046,42.4306,2023,9.37054794520548,15.6886301369863,3.5504109589041097,63.495753424657536,1.5457534246575342,2.2953972602739725,16.47786301369863,11.292058333333328,11.451111529680375,0.2995329337899542,0.2969328401826479
Malatya,Türkiye,Watermelons,39.1945,42.4015,2023,9.37054794520548,15.6886301369863,3.5504109589041097,63.495753424657536,1.5457534246575342,2.2953972602739725,16.47786301369863,11.292058333333328,11.451111529680375,0.2995241324200912,0.2969341495433785
Malatya,Türkiye,Walnuts,39.4673,41.9173,2023,7.24482191780822,13.787835616438356,1.4224657534246574,68.80142465753424,1.8122465753424657,2.341260273972603,16.460794520547946,11.287875114155243,11.496448630136998,0.2995710034246574,0.2975819086757986
Malatya,Türkiye,Chick peas,39.0866,41.5905,2023,9.705835616438357,16.285753424657536,3.62358904109589,64.16490410958905,1.760027397260274,2.172328767123288,16.460794520547946,11.22338458904109,11.398345205479462,0.2995695616438355,0.2971987888127849
Malatya,Türkiye,Lentils,39.2807,41.97,2023,7.24482191780822,13.787835616438356,1.4224657534246574,68.80142465753424,1.8122465753424657,2.341260273972603,16.460794520547946,11.287875114155243,11.497892009132432,0.2995710034246574,0.2975819086757986
Elazığ,Türkiye,Wheat,38.562,42.3297,2023,10.414,15.198410958904107,5.987808219178082,60.06378082191781,1.4535890410958905,2.604,16.977643835616437,11.35708162100456,11.475805821917817,0.2915328732876713,0.2926490079908672
Elazığ,Türkiye,Barley,39.2431,41.5551,2023,9.572328767123288,15.800438356164385,3.6865205479452055,65.63695890410959,2.389917808219178,2.1085479452054794,16.460794520547946,11.2047955479452,11.329592922374438,0.2601980799086756,0.2493753264840181
Elazığ,Türkiye,Maize (corn),38.3344,41.617,2023,10.76476712328767,16.72139726027397,5.31,61.21827397260274,1.5684383561643835,2.1494520547945206,16.73608219178082,11.350476598173511,11.48249646118722,0.2953566301369863,0.2960707614155247
Elazığ,Türkiye,Apples,39.2596,42.4946,2023,8.643013698630137,15.35772602739726,2.6117534246575342,64.75531506849315,1.7323287671232876,2.2095616438356163,16.47786301369863,11.3202904109589,11.464064155251153,0.299301658675799,0.2970619920091319
Elazığ,Türkiye,Olives,38.3792,41.629,2023,10.76476712328767,16.72139726027397,5.31,61.21827397260274,1.5684383561643835,2.1494520547945206,16.73608219178082,11.350476598173511,11.48249646118722,0.2955681073059361,0.2959938025114151
Elazığ,Türkiye,Hazelnuts,39.4676,41.4703,2023,6.006438356164384,12.17309589041096,0.4327671232876712,71.51205479452055,2.155342465753425,2.277068493150685,16.460794520547946,11.259902283105015,11.416038356164393,0.2965523847031962,0.2952065981735155
Elazığ,Türkiye,Watermelons,39.6968,41.6056,2023,7.24482191780822,13.787835616438356,1.4224657534246574,68.80142465753424,1.8122465753424657,2.341260273972603,16.460794520547946,11.287875114155243,11.496448630136998,0.2996555936073058,0.2975819086757986
Elazığ,Türkiye,Walnuts,39.5738,42.4068,2023,8.643013698630137,15.35772602739726,2.6117534246575342,64.75531506849315,1.7323287671232876,2.2095616438356163,16.47786301369863,11.3202904109589,11.462620776255717,0.299301658675799,0.2970619920091319
Elazığ,Türkiye,Chick peas,38.9436,42.1164,2023,9.705835616438357,16.285753424657536,3.62358904109589,64.16490410958905,1.760027397260274,2.172328767123288,16.977643835616437,11.22338458904109,11.401739383561653,0.2985399954337899,0.2976507956621
Elazığ,Türkiye,Lentils,38.4097,41.5848,2023,10.76476712328767,16.72139726027397,5.31,61.21827397260274,1.5684383561643835,2.1494520547945206,16.73608219178082,11.350476598173511,11.48249646118722,0.2955681073059361,0.2952413025114151
Gaziantep,Türkiye,Wheat,37.5103,40.2816,2023,16.761616438356164,23.67049315068493,10.524356164383562,52.963232876712325,1.339972602739726,2.3335890410958906,17.62076712328767,15.061551027397265,14.95727762557078,0.2412675068493149,0.2433720582191779
Gaziantep,Türkiye,Barley,37.8651,40.6801,2023,17.559287671232877,25.212986301369863,10.818794520547945,52.88413698630137,1.5571506849315069,0.9275890410958904,17.62076712328767,14.419036757990863,14.44499566210045,0.277802939497717,0.2853508698630133
Gaziantep,Türkiye,Maize (corn),37.8943,40.5456,2023,17.559287671232877,25.212986301369863,10.818794520547945,52.88413698630137,1.5571506849315069,0.9275890410958904,17.62076712328767,14.41878869863013,14.44499566210045,0.277802939497717,0.2850934885844746
Gaziantep,Türkiye,Apples,38.0445,40.7028,2023,17.559287671232877,25.212986301369863,10.818794520547945,52.88413698630137,1.5571506849315069,0.9275890410958904,16.992027397260273,14.12384897260273,14.038153767123283,0.2848100650684931,0.294474190639269
Gaziantep,Türkiye,Olives,37.4135,40.4822,2023,16.628575342465755,23.83893150684932,10.215671232876712,53.047616438356165,1.2451232876712328,1.3128493150684932,17.62076712328767,20.44296107305938,20.35232591324202,0.2349497351598171,0.2367843219178083
Gaziantep,Türkiye,Hazelnuts,37.4817,41.1567,2023,17.19076712328767,24.06019178082192,10.991698630136986,51.24972602739726,1.1733972602739726,1.892904109589041,17.421232876712327,17.355420776255713,17.341741780821916,0.2328886792237441,0.2322802374429224
Gaziantep,Türkiye,Watermelons,38.143,40.6562,2023,17.559287671232877,25.212986301369863,10.818794520547945,52.88413698630137,1.5571506849315069,0.9275890410958904,16.992027397260273,14.445879794520536,14.269240525114157,0.2828264200913242,0.2928761643835613
Gaziantep,Türkiye,Walnuts,37.2758,40.3666,2023,16.628575342465755,23.83893150684932,10.215671232876712,53.047616438356165,1.2451232876712328,1.3128493150684932,17.62076712328767,20.508495091324217,20.41521221461188,0.2341530878995431,0.2388425970319635
Gaziantep,Türkiye,Chick peas,36.8298,40.9262,2023,19.27972602739726,27.070630136986303,12.53454794520548,49.13945205479452,1.0375068493150683,0.9203013698630136,18.30482191780822,21.657042465753424,21.423294977168936,0.235932667808219,0.2406114554794522
Gaziantep,Türkiye,Lentils,37.1956,40.7603,2023,19.27972602739726,27.070630136986303,12.53454794520548,49.13945205479452,1.0375068493150683,0.9203013698630136,17.62076712328767,20.282845547945225,20.221053538812782,0.2345382579908674,0.2406006837899545
Şanlıurfa,Türkiye,Wheat,37.1236,39.8791,2023,19.42739726027397,26.62241095890411,12.924027397260271,49.79586301369863,1.2701369863013698,2.245835616438356,17.790520547945206,20.415530821917823,20.37901529680365,0.2431553276255705,0.2598129166666666
Şanlıurfa,Türkiye,Barley,37.649,41.1459,2023,17.19076712328767,24.06019178082192,10.991698630136986,51.24972602739726,1.1733972602739726,1.892904109589041,17.421232876712327,14.15221038812785,14.080257990867574,0.2306572831050227,0.2313887636986302
Şanlıurfa,Türkiye,Maize (corn),37.4397,40.4618,2023,16.628575342465755,23.83893150684932,10.215671232876712,53.047616438356165,1.2451232876712328,1.3128493150684932,17.62076712328767,20.324276255707776,20.234549086758,0.233374476027397,0.2313029965753424
Şanlıurfa,Türkiye,Apples,37.8317,40.7373,2023,17.559287671232877,25.212986301369863,10.818794520547945,52.88413698630137,1.5571506849315069,0.9275890410958904,17.62076712328767,14.414892922374422,14.458448858447484,0.2776395547945207,0.2809772237442918
Şanlıurfa,Türkiye,Olives,37.6328,40.6867,2023,16.628575342465755,23.83893150684932,10.215671232876712,53.047616438356165,1.2451232876712328,1.3128493150684932,17.62076712328767,14.121469178082185,14.057545433789947,0.2311430799086756,0.2300940639269406
Şanlıurfa,Türkiye,Hazelnuts,36.8449,39.978,2023,19.42739726027397,26.62241095890411,12.924027397260271,49.79586301369863,1.2701369863013698,2.245835616438356,18.634054794520548,21.127011757990875,20.93093264840184,0.2372636826484017,0.2409639166666666
Şanlıurfa,Türkiye,Watermelons,37.4855,41.0567,2023,17.19076712328767,24.06019178082192,10.991698630136986,51.24972602739726,1.1733972602739726,1.892904109589041,17.421232876712327,17.355420776255713,17.341741780821916,0.2328886792237441,0.2322802374429224
Şanlıurfa,Türkiye,Walnuts,38.1785,40.4122,2023,17.559287671232877,25.212986301369863,10.818794520547945,52.88413698630137,1.5571506849315069,0.9275890410958904,16.992027397260273,14.445879794520536,14.269240525114157,0.2837377625570777,0.2937776735159814
Şanlıurfa,Türkiye,Chick peas,36.9613,40.2362,2023,19.42739726027397,26.62241095890411,12.924027397260271,49.79586301369863,1.2701369863013698,2.245835616438356,18.30482191780822,20.890707191780827,20.74255833333333,0.2432023047945203,0.2489736815068492
Şanlıurfa,Türkiye,Lentils,37.6561,41.0576,2023,17.19076712328767,24.06019178082192,10.991698630136986,51.24972602739726,1.1733972602739726,1.892904109589041,17.421232876712327,14.232692351598171,14.160834018264836,0.2306572831050227,0.2313887636986302
Diyarbakır,Türkiye,Wheat,37.366,40.9147,2023,16.628575342465755,23.83893150684932,10.215671232876712,53.047616438356165,1.2451232876712328,1.3128493150684932,17.62076712328767,20.486899086758008,20.39100285388129,0.2350709452054792,0.2404129189497718
Diyarbakır,Türkiye,Barley,37.9781,41.01,2023,17.236630136986303,23.919260273972604,11.201753424657534,52.44224657534247,1.5078630136986302,1.3436986301369862,17.421232876712327,14.241338926940632,14.05764646118721,0.2813390764840184,0.2878579977168945
Diyarbakır,Türkiye,Maize (corn),36.8474,41.0227,2023,19.72890410958904,27.455342465753425,12.921342465753424,47.26934246575343,1.0326575342465754,1.086082191780822,18.17227397260274,21.314675342465765,20.98647385844749,0.2365979178082191,0.2408251883561645
Diyarbakır,Türkiye,Apples,37.2605,40.9506,2023,17.19076712328767,24.06019178082192,10.991698630136986,51.24972602739726,1.1733972602739726,1.892904109589041,17.62076712328767,20.594341894977173,20.315204223744303,0.2335088812785386,0.2399671015981736
Diyarbakır,Türkiye,Olives,37.8093,40.3137,2023,17.559287671232877,25.212986301369863,10.818794520547945,52.88413698630137,1.5571506849315069,0.9275890410958904,17.62076712328767,14.414892922374422,14.458448858447484,0.2776395547945207,0.2809772237442918
Diyarbakır,Türkiye,Hazelnuts,37.1363,40.0697,2023,19.42739726027397,26.62241095890411,12.924027397260271,49.79586301369863,1.2701369863013698,2.245835616438356,17.62076712328767,20.376806050228325,20.308209703196347,0.2420090262557076,0.2481873139269406
Diyarbakır,Türkiye,Watermelons,37.6668,41.0929,2023,17.19076712328767,24.06019178082192,10.991698630136986,51.24972602739726,1.1733972602739726,1.892904109589041,17.421232876712327,13.979348287671224,13.898812899543367,0.2306572831050227,0.2313887636986302
Diyarbakır,Türkiye,Walnuts,37.8295,41.1429,2023,17.236630136986303,23.919260273972604,11.201753424657534,52.44224657534247,1.5078630136986302,1.3436986301369862,17.421232876712327,14.23719509132419,14.154525456621002,0.2797079828767125,0.2836416803652964
Diyarbakır,Türkiye,Chick peas,37.8752,40.692,2023,17.559287671232877,25.212986301369863,10.818794520547945,52.88413698630137,1.5571506849315069,0.9275890410958904,17.62076712328767,14.419036757990863,14.44499566210045,0.277802939497717,0.2853508698630133
Diyarbakır,Türkiye,Lentils,38.0346,39.9777,2023,16.471972602739726,23.71893150684932,9.97241095890411,54.627753424657534,1.5934246575342466,1.649890410958904,17.22613698630137,14.102883789954332,13.980697831050223,0.2826043904109591,0.2877825079908672
Mardin,Türkiye,Wheat,37.9939,40.1084,2023,16.471972602739726,23.71893150684932,9.97241095890411,54.627753424657534,1.5934246575342466,1.649890410958904,17.62076712328767,14.366514383561642,14.261086872146114,0.2821153675799088,0.287338442922374
Mardin,Türkiye,Barley,37.2232,40.4871,2023,19.27972602739726,27.070630136986303,12.53454794520548,49.13945205479452,1.0375068493150683,0.9203013698630136,17.62076712328767,20.28015707762559,20.197739269406387,0.2345382579908674,0.2406006837899545
Mardin,Türkiye,Maize (corn),37.1437,39.8578,2023,19.42739726027397,26.62241095890411,12.924027397260271,49.79586301369863,1.2701369863013698,2.245835616438356,17.790520547945206,20.32296164383563,20.327407305936077,0.23909302283105,0.2468922648401826
Mardin,Türkiye,Apples,37.0598,40.8703,2023,19.27972602739726,27.070630136986303,12.53454794520548,49.13945205479452,1.0375068493150683,0.9203013698630136,17.62076712328767,20.442916095890432,20.27731963470319,0.2353847625570774,0.2447296289954339
Mardin,Türkiye,Olives,36.8739,40.6663,2023,19.27972602739726,27.070630136986303,12.53454794520548,49.13945205479452,1.0375068493150683,0.9203013698630136,18.30482191780822,21.331637328767137,21.034039041095888,0.2365979178082191,0.2408251883561645
Mardin,Türkiye,Hazelnuts,36.9962,40.2008,2023,19.42739726027397,26.62241095890411,12.924027397260271,49.79586301369863,1.2701369863013698,2.245835616438356,18.30482191780822,20.832174429223752,20.72548493150685,0.2453942888127852,0.2574187865296802
Mardin,Türkiye,Watermelons,38.1579,40.8512,2023,17.559287671232877,25.212986301369863,10.818794520547945,52.88413698630137,1.5571506849315069,0.9275890410958904,16.992027397260273,14.445879794520536,14.269240525114157,0.2831717111872146,0.2928761643835613
Mardin,Türkiye,Walnuts,37.851,40.1054,2023,16.471972602739726,23.71893150684932,9.97241095890411,54.627753424657534,1.5934246575342466,1.649890410958904,17.62076712328767,14.366514383561642,14.356515068493144,0.281149883561644,0.2855019497716891
Mardin,Türkiye,Chick peas,37.4493,40.7043,2023,16.628575342465755,23.83893150684932,10.215671232876712,53.047616438356165,1.2451232876712328,1.3128493150684932,17.62076712328767,20.16332077625572,20.13783801369864,0.233374476027397,0.2313029965753424
Mardin,Türkiye,Lentils,37.3447,40.6997,2023,16.628575342465755,23.83893150684932,10.215671232876712,53.047616438356165,1.2451232876712328,1.3128493150684932,17.62076712328767,20.49584360730596,20.394611643835628,0.2343269372146116,0.2396988607305937
Batman,Türkiye,Wheat,37.8343,40.823,2023,17.559287671232877,25.212986301369863,10.818794520547945,52.88413698630137,1.5571506849315069,0.9275890410958904,17.62076712328767,14.414892922374422,14.458448858447484,0.2776395547945207,0.2809772237442918
Batman,Türkiye,Barley,38.1897,40.18,2023,16.471972602739726,23.71893150684932,9.97241095890411,54.627753424657534,1.5934246575342466,1.649890410958904,16.992027397260273,14.43157842465753,14.163262442922376,0.2899870730593608,0.2947081301369859
Batman,Türkiye,Maize (corn),38.0668,40.2476,2023,16.471972602739726,23.71893150684932,9.97241095890411,54.627753424657534,1.5934246575342466,1.649890410958904,16.992027397260273,14.069814954337891,13.957510958904106,0.2908822237442923,0.2940343413242006
Batman,Türkiye,Apples,36.9194,40.3374,2023,19.27972602739726,27.070630136986303,12.53454794520548,49.13945205479452,1.0375068493150683,0.9203013698630136,18.30482191780822,21.251192922374443,20.959014041095887,0.2365979178082191,0.2408251883561645
Batman,Türkiye,Olives,37.515,39.9599,2023,16.761616438356164,23.67049315068493,10.524356164383562,52.963232876712325,1.339972602739726,2.3335890410958906,17.790520547945206,15.061551027397265,14.95727762557078,0.2411980593607305,0.2433720582191779
Batman,Türkiye,Hazelnuts,38.0849,40.822,2023,17.559287671232877,25.212986301369863,10.818794520547945,52.88413698630137,1.5571506849315069,0.9275890410958904,16.992027397260273,14.445879794520536,14.278590410958904,0.2825899349315068,0.2928761643835613
Batman,Türkiye,Watermelons,37.7318,40.8228,2023,16.628575342465755,23.83893150684932,10.215671232876712,53.047616438356165,1.2451232876712328,1.3128493150684932,17.62076712328767,14.112282534246562,13.98741130136986,0.2311430799086756,0.2300940639269406
Batman,Türkiye,Walnuts,37.8811,41.0641,2023,17.236630136986303,23.919260273972604,11.201753424657534,52.44224657534247,1.5078630136986302,1.3436986301369862,17.421232876712327,14.241338926940632,14.141072260273967,0.2801385536529682,0.2863754566210041
Batman,Türkiye,Chick peas,37.0081,40.8319,2023,19.27972602739726,27.070630136986303,12.53454794520548,49.13945205479452,1.0375068493150683,0.9203013698630136,17.62076712328767,20.438705365296823,20.23280707762557,0.2353847625570774,0.2438569018264841
Batman,Türkiye,Lentils,38.164,40.287,2023,16.471972602739726,23.71893150684932,9.97241095890411,54.627753424657534,1.5934246575342466,1.649890410958904,16.992027397260273,14.43157842465753,14.163262442922376,0.2895318926940639,0.2938193527397257
Şırnak,Türkiye,Wheat,37.8044,40.0687,2023,16.471972602739726,23.71893150684932,9.97241095890411,54.627753424657534,1.5934246575342466,1.649890410958904,17.62076712328767,14.362370547945204,14.369885730593602,0.2807193127853883,0.2828188253424653
Şırnak,Türkiye,Barley,38.1299,41.0561,2023,17.236630136986303,23.919260273972604,11.201753424657534,52.44224657534247,1.5078630136986302,1.3436986301369862,16.73608219178082,14.416614726027383,14.17308515981735,0.2893936872146119,0.2943590125570772
Şırnak,Türkiye,Maize (corn),37.6781,41.0472,2023,17.19076712328767,24.06019178082192,10.991698630136986,51.24972602739726,1.1733972602739726,1.892904109589041,17.421232876712327,13.979348287671224,13.898812899543367,0.2306572831050227,0.2313887636986302
Şırnak,Türkiye,Apples,37.5758,39.8446,2023,16.761616438356164,23.67049315068493,10.524356164383562,52.963232876712325,1.339972602739726,2.3335890410958906,17.790520547945206,14.854745662100443,14.668465410958907,0.2406159497716894,0.2442896723744291
Şırnak,Türkiye,Olives,37.7515,41.1499,2023,17.236630136986303,23.919260273972604,11.201753424657534,52.44224657534247,1.5078630136986302,1.3436986301369862,17.421232876712327,14.190912328767116,14.075753424657533,0.2797079828767125,0.2837146426940635
Şırnak,Türkiye,Hazelnuts,37.3645,40.5277,2023,16.628575342465755,23.83893150684932,10.215671232876712,53.047616438356165,1.2451232876712328,1.3128493150684932,17.62076712328767,20.486899086758008,20.39100285388129,0.2350709452054792,0.2404129189497718
Şırnak,Türkiye,Watermelons,37.6435,40.7957,2023,16.628575342465755,23.83893150684932,10.215671232876712,53.047616438356165,1.2451232876712328,1.3128493150684932,17.62076712328767,14.284035730593605,14.131388812785382,0.2311430799086756,0.2300940639269406
Şırnak,Türkiye,Walnuts,36.9111,40.8878,2023,19.27972602739726,27.070630136986303,12.53454794520548,49.13945205479452,1.0375068493150683,0.9203013698630136,18.30482191780822,21.310643150684943,20.989163356164383,0.2365979178082191,0.2408251883561645
Şırnak,Türkiye,Chick peas,36.959,40.5873,2023,19.27972602739726,27.070630136986303,12.53454794520548,49.13945205479452,1.0375068493150683,0.9203013698630136,18.30482191780822,21.08378093607308,20.72452431506849,0.2375332933789953,0.2408251883561645
Şırnak,Türkiye,Lentils,36.892,39.8561,2023,19.42739726027397,26.62241095890411,12.924027397260271,49.79586301369863,1.2701369863013698,2.245835616438356,18.634054794520548,21.108645547945216,20.902642579908683,0.240224121004566,0.2426366267123287
Siirt,Türkiye,Wheat,37.3223,40.3791,2023,16.628575342465755,23.83893150684932,10.215671232876712,53.047616438356165,1.2451232876712328,1.3128493150684932,17.62076712328767,20.505735502283123,20.404240981735168,0.2343269372146116,0.2392807545662101
Siirt,Türkiye,Barley,37.1945,40.0966,2023,19.42739726027397,26.62241095890411,12.924027397260271,49.79586301369863,1.2701369863013698,2.245835616438356,17.62076712328767,20.11402751141554,20.161986415525117,0.239535859589041,0.2463183047945205
Siirt,Türkiye,Maize (corn),37.9703,40.8082,2023,17.559287671232877,25.212986301369863,10.818794520547945,52.88413698630137,1.5571506849315069,0.9275890410958904,17.62076712328767,14.400620433789948,14.318569406392688,0.279542238584475,0.2870820148401822
Siirt,Türkiye,Apples,37.1927,41.008,2023,19.72890410958904,27.455342465753425,12.921342465753424,47.26934246575343,1.0326575342465754,1.086082191780822,17.421232876712327,20.04206529680367,20.06889600456621,0.2351945753424656,0.2420460696347033
Siirt,Türkiye,Olives,37.7346,40.6603,2023,16.628575342465755,23.83893150684932,10.215671232876712,53.047616438356165,1.2451232876712328,1.3128493150684932,17.62076712328767,14.112282534246562,13.98741130136986,0.2311430799086756,0.2300940639269406
Siirt,Türkiye,Hazelnuts,37.2474,41.1261,2023,19.72890410958904,27.455342465753425,12.921342465753424,47.26934246575343,1.0326575342465754,1.086082191780822,17.421232876712327,20.04853219178084,20.0863460045662,0.2353519121004565,0.2419021575342467
Siirt,Türkiye,Watermelons,36.9817,41.1699,2023,19.72890410958904,27.455342465753425,12.921342465753424,47.26934246575343,1.0326575342465754,1.086082191780822,18.17227397260274,21.03857990867581,20.69197625570776,0.2375332933789953,0.2427354737442923
Siirt,Türkiye,Walnuts,37.8198,39.927,2023,16.471972602739726,23.71893150684932,9.97241095890411,54.627753424657534,1.5934246575342466,1.649890410958904,17.790520547945206,14.362370547945204,14.369885730593602,0.2807193127853883,0.2828188253424653
Siirt,Türkiye,Chick peas,37.6794,40.512,2023,16.628575342465755,23.83893150684932,10.215671232876712,53.047616438356165,1.2451232876712328,1.3128493150684932,17.62076712328767,14.13685079908675,13.966651027397251,0.2311430799086756,0.2300940639269406
Siirt,Türkiye,Lentils,37.0186,40.0409,2023,19.42739726027397,26.62241095890411,12.924027397260271,49.79586301369863,1.2701369863013698,2.245835616438356,17.62076712328767,20.317547945205494,20.304169520547944,0.2495013036529678,0.2704299132420091
Adıyaman,Türkiye,Wheat,36.8234,40.2204,2023,19.42739726027397,26.62241095890411,12.924027397260271,49.79586301369863,1.2701369863013698,2.245835616438356,18.30482191780822,21.565141552511413,21.499168150684923,0.2363335228310501,0.2400168367579908
Adıyaman,Türkiye,Barley,36.8982,40.7003,2023,19.27972602739726,27.070630136986303,12.53454794520548,49.13945205479452,1.0375068493150683,0.9203013698630136,18.30482191780822,21.310643150684943,20.989163356164383,0.2365979178082191,0.2408251883561645
Adıyaman,Türkiye,Maize (corn),37.8785,40.8097,2023,17.559287671232877,25.212986301369863,10.818794520547945,52.88413698630137,1.5571506849315069,0.9275890410958904,17.62076712328767,14.41878869863013,14.44499566210045,0.277802939497717,0.2852362922374425
Adıyaman,Türkiye,Apples,37.3025,39.8011,2023,16.761616438356164,23.67049315068493,10.524356164383562,52.963232876712325,1.339972602739726,2.3335890410958906,17.790520547945206,20.4961336757991,20.39463150684933,0.2396728070776254,0.2439110285388127
Adıyaman,Türkiye,Olives,37.406,40.0467,2023,16.761616438356164,23.67049315068493,10.524356164383562,52.963232876712325,1.339972602739726,2.3335890410958906,17.62076712328767,20.43445079908677,20.314689041095907,0.240680107305936,0.2420717499999999
Adıyaman,Türkiye,Hazelnuts,37.5365,40.5055,2023,16.628575342465755,23.83893150684932,10.215671232876712,53.047616438356165,1.2451232876712328,1.3128493150684932,17.62076712328767,15.519658447488585,15.421043835616445,0.2307308573059359,0.2287798664383561
Adıyaman,Türkiye,Watermelons,37.1397,40.3276,2023,19.27972602739726,27.070630136986303,12.53454794520548,49.13945205479452,1.0375068493150683,0.9203013698630136,17.62076712328767,20.48778904109591,20.28815136986301,0.2345382579908674,0.2416329200913243
Adıyaman,Türkiye,Walnuts,37.0972,40.1314,2023,19.42739726027397,26.62241095890411,12.924027397260271,49.79586301369863,1.2701369863013698,2.245835616438356,17.62076712328767,20.31628550228312,20.305369977168947,0.2479990011415523,0.272947207762557
Adıyaman,Türkiye,Chick peas,36.8802,41.0606,2023,19.72890410958904,27.455342465753425,12.921342465753424,47.26934246575343,1.0326575342465754,1.086082191780822,18.17227397260274,21.30045365296805,20.950697146118724,0.2365979178082191,0.2408251883561645
Adıyaman,Türkiye,Lentils,37.7663,40.6241,2023,17.559287671232877,25.212986301369863,10.818794520547945,52.88413698630137,1.5571506849315069,0.9275890410958904,17.62076712328767,14.413665068493144,14.458448858447484,0.2776395547945207,0.2809772237442918
Kilis,Türkiye,Wheat,36.9348,40.8923,2023,19.27972602739726,27.070630136986303,12.53454794520548,49.13945205479452,1.0375068493150683,0.9203013698630136,18.30482191780822,21.251192922374443,20.959014041095887,0.2375332933789953,0.2408251883561645
Kilis,Türkiye,Barley,37.1835,40.9951,2023,19.72890410958904,27.455342465753425,12.921342465753424,47.26934246575343,1.0326575342465754,1.086082191780822,17.62076712328767,20.28389417808221,20.18759680365297,0.2345382579908674,0.2409915981735161
Kilis,Türkiye,Maize (corn),37.6923,40.2701,2023,16.761616438356164,23.67049315068493,10.524356164383562,52.963232876712325,1.339972602739726,2.3335890410958906,17.62076712328767,14.172190296803644,14.00896267123287,0.2420595456621004,0.2477967922374427
Kilis,Türkiye,Apples,38.0612,40.5262,2023,17.559287671232877,25.212986301369863,10.818794520547945,52.88413698630137,1.5571506849315069,0.9275890410958904,16.992027397260273,14.12384897260273,14.038153767123283,0.2840520216894977,0.294474190639269
Kilis,Türkiye,Olives,36.8556,40.5539,2023,19.27972602739726,27.070630136986303,12.53454794520548,49.13945205479452,1.0375068493150683,0.9203013698630136,18.30482191780822,21.299733675799096,21.027888470319635,0.2365979178082191,0.2408251883561645
Kilis,Türkiye,Hazelnuts,38.0578,40.5985,2023,17.559287671232877,25.212986301369863,10.818794520547945,52.88413698630137,1.5571506849315069,0.9275890410958904,16.992027397260273,14.12384897260273,14.038153767123283,0.2840520216894977,0.294474190639269
Kilis,Türkiye,Watermelons,37.5693,40.353,2023,16.628575342465755,23.83893150684932,10.215671232876712,53.047616438356165,1.2451232876712328,1.3128493150684932,17.62076712328767,14.748864269406385,14.542049657534251,0.2308689748858445,0.2298057614155251
Kilis,Türkiye,Walnuts,37.2355,39.919,2023,19.42739726027397,26.62241095890411,12.924027397260271,49.79586301369863,1.2701369863013698,2.245835616438356,17.790520547945206,20.15080216894979,20.16469212328767,0.2400478812785387,0.246727408675799
Kilis,Türkiye,Chick peas,37.768,40.7192,2023,17.559287671232877,25.212986301369863,10.818794520547945,52.88413698630137,1.5571506849315069,0.9275890410958904,17.62076712328767,14.413665068493144,14.458448858447484,0.2776395547945207,0.2809772237442918
Kilis,Türkiye,Lentils,37.5417,40.1882,2023,16.761616438356164,23.67049315068493,10.524356164383562,52.963232876712325,1.339972602739726,2.3335890410958906,17.62076712328767,15.74540388127854,15.598398515981742,0.2407340559360729,0.2441254212328766
